# Reference : "Volpiani, P. S., Bernardini, M., & Larsson, J. (2018). 
#              Effects of a nonadiabatic wall on supersonic shock/boundary-layer interactions. 
#              Physical Review Fluids, 3(8), 083401."
TITLE="Mean profiles for compressible boundary layer"

M_inf     =                  2.28
Tw/Tr     =                   1.0
Cf        =      0.00313527663983
Re_delta  =         12627.6828142
Re_theta  =         1047.14674387
Re_delta2 =         641.994969528
Re_tau    =          223.51727391
Re_star   =          499.97305562
dx+       =         6.04527908215
dyw+      =        0.754450829453
dz+       =         5.66744913952

VARIABLES = "Y/DELTA" , "Y+" , "U+" , "R11/TAU_W" , "R22/TAU_W" , "R33/TAU_W" , "R12/TAU_W" , "RHO/RHO_W" , "T/T_W", "M/M_W" , "Prms/P_INF" 
    0.0016876790242094403       0.3772254147263019       0.3772010155563507     0.024270879139543147    4.547646692828171e-05     0.009687582496854683  -0.00028908229643911915       0.9998275332470542       1.0001724965028538       1.0001293695878055
     0.005068147754178018       1.1328185697867157       1.1325049853518816       0.2117351135284518   0.00043813443825711036      0.06646596385734643   -0.0029257254450760248       1.0010844733383062       0.9989109445680789       0.9991830971841601
     0.008455534540109756       1.8899580298567717       1.8879184508786562       0.5799568814157917     0.001642458473120755       0.1516729757374322     -0.01057438925253421        1.003936369661088       0.9960598651323791       0.9970434410174156
     0.011849966022842204       2.6486721013512446        2.640921572290375       1.1209094480962385     0.004345143620435577      0.24869328532945748    -0.026239720289305622       1.0083598900767472       0.9916598428768296       0.9937383383063366
     0.015251570985267053       3.4089895694710117       3.3861982652193188       1.8097483688289848     0.009194912705224403       0.3486451976858542     -0.05214002788938291       1.0143136056700135       0.9857875916602674       0.9893216438980402
     0.018660480741794536        4.170939785255072        4.116370917967215       2.6003770254180676     0.016594779698808963      0.44715172176154644     -0.08866417324799925       1.0217013076755652       0.9785794862813206        0.983891209990972
     0.022076828813799756          4.9345525930372         4.82340452598669       3.4336206336518287      0.02683499304380006       0.5426469238504978     -0.13464810860102266       1.0303754928881836        0.970232843281328       0.9775905142090845
     0.025500751319087092        5.699858417497958        5.499763995002817         4.25126058794012      0.03996314914457443       0.6345945780125902     -0.18754598564933878         1.04013365966694       0.9609892738571196        0.970596911920823
      0.02893238671224726        6.466888205630025        6.139550783841772        5.007937002480706      0.05601263694359976       0.7231190783063329     -0.24453832183855706       1.0507537752737068       0.9511066567133951       0.9631011822046304
     0.032371875979389515          7.2356734702642        6.738647399185544        5.674014989899232      0.07481494767233579        0.808243894942723       -0.302699938195487        1.061994439792049       0.9408391906573806        0.955292899500492
      0.03581936283287384        8.006246333595415        7.294890554069007        6.234440276762263      0.09628558199363647       0.8897696804816854     -0.35980335290366744        1.073630972995934       0.9304170749291706       0.9473451890167808
     0.039274993386757294         8.77863945463938       7.8076261076566515        6.685182068513821      0.12017008286251749       0.9669002751482175      -0.4139787543681344       1.0854450646590375       0.9200394762870722       0.9394092810832749
      0.04273891654625839        9.552886116284613        8.277628622118337        7.030611494482911       0.1463273261319028       1.0388432830416017     -0.46418550116388707       1.0972595003037324       0.9098638903649476       0.9316060970696697
      0.04621128387793566        10.32902019627509         8.70653859819162        7.279121331925209      0.17444403272778874        1.104996151358696      -0.5097579680075742       1.1089119820603561       0.9000135666948555       0.9240315330460563
     0.049692249544776884        11.10707615270158        9.096768172094748        7.440765073436407       0.2043338487426186        1.165381086551887      -0.5507432126511608        1.120283315060239       0.8905763386820109       0.9167551625228988
      0.05318197089039571        11.88708915457967        9.451112146791846        7.525831853952008      0.23565886664609395       1.2203768397133907       -0.587262035292842       1.1312673338846562       0.8816128917895212        0.909826221458319
      0.05668060766010285       12.669094907745729        9.772807013684133        7.545288756129034       0.2682172060918348       1.2707078379217096      -0.6197617444848454       1.1418084669671424       0.8731503518409116       0.9032683124268434
     0.060188322844745595       13.453129843469618       10.065192876088709        7.510257933037238       0.3016596905964295       1.3171314280988722       -0.648583179509424        1.151869393654911        0.865190695323951       0.8970855890321193
      0.06370528222633272       14.239231016894005       10.331681116573817        7.431937286440247       0.3357665996966151       1.3604250378161202      -0.6742984437981571       1.1614616083639524       0.8577108119053755       0.8912625606767609
      0.06723165457276664       15.027436150560357       10.575392509179684       7.3207312823018835      0.37020199912194995       1.4010690392061933      -0.6973200712974601        1.170599139676619       0.8506776848717176       0.8857757377100185
      0.07076761189748637       15.817783692443633       10.799125015153264        7.185732382316331      0.40477310192408905       1.4392445233861904      -0.7181988410308378       1.1793213255892345       0.8440525933428603       0.8805968577652136
       0.0743133290700031       16.610312728900276       11.005120491436712         7.03396623223995       0.4391920007460134        1.474851608980532       -0.737281779521427       1.1876448734735414       0.8378045947934614       0.8757034352532971
      0.07786898427027535        17.40506308622887       11.195210936685166       6.8709254111039515      0.47331003387827253       1.5077896802688402      -0.7548824800497785          1.1955955662357       0.8319081422918184       0.8710769688915284
      0.08143475898870896        18.20207533067018       11.370823816592905        6.701334550982969       0.5069203117973633        1.537969752731513      -0.7709500917183775       1.2031740258613182       0.8263462008873672       0.8667054471754976
      0.08501083783142487       19.001390724881098       11.533211972462302       6.5298214049542045       0.5399648911262183       1.5653481685862294      -0.7853393284927858       1.2103960404710354       0.8211022918580947       0.8625771478449274
       0.0885974087799021        19.80305128596936       11.683451604889777        6.360331735040481       0.5723167816673801        1.589949645029469      -0.7977506342640395       1.2172614877467758       0.8161618822255182       0.8586817462444712
      0.09219466332079915       20.607099814510864       11.822587631193185       6.1953419810073145       0.6039238082825918       1.6119630497050637      -0.8081209400056023       1.2237928912757567       0.8115063595826062       0.8550055734379777
      0.09580279638104335        21.41357988004102       11.951606858269782        6.035531933235035       0.6346155520883112       1.6315895132375435      -0.8165555698766152       1.2300035181433568       0.8071153585324194       0.8515334422252221
         0.09942200626292        22.22253580654605        12.07153815269418        5.880599719270233       0.6642693301877567       1.6488618767736214      -0.8234470785028397        1.235931029726963       0.8029630183449173       0.8482456823948447
      0.10305249496862619       23.034012745006365       12.183374257315478        5.730038912857261       0.6926798507759049       1.6635483039797438      -0.8291997574722051       1.2416019187322276       0.7990226238957727       0.8451218052700852
      0.10669446820027065       23.848056673396552       12.288073953112809        5.583640977120427       0.7197210799088296       1.6753099990335434      -0.8342579014098146       1.2470584387769081       0.7952669601427292       0.8421407928304974
      0.11034813535987385        24.66471439668538       12.386457503043522        5.441502763166002       0.7452389951640094         1.68390304113439      -0.8389261624870705       1.2523229237900644        0.791674132122117       0.8392857337087645
      0.11401370948445726        25.48403353232712       12.479228140283222        5.304105344355025       0.7691992605970959       1.6893705205065082      -0.8434423018727053       1.2574253182789823       0.7882266433287344       0.8365431222886889
      0.11769140763550764        26.30606259731357       12.566930627825133        5.172052817146558       0.7915832449682988       1.6921623703353854       -0.847832027323133       1.2623736620751018       0.7849132751722868        0.833904381569309
      0.12138145070424501        27.13085096464806        12.65001470430329        5.045900328048449       0.8124979683409977        1.693136117661835      -0.8519846476209345       1.2671829618638808       0.7817259758667605       0.8313634120628535
      0.12508406360635468       27.958448906871432       12.728848923793333       4.9259915939675984       0.8320685832219397       1.6933193296671116      -0.8556238637178455        1.271849460489997       0.7786603578387256        0.828917004241806
      0.12879947521707666        28.78890758155339       12.803796719484527        4.812540650293617       0.8504995282872352       1.6936386619955617      -0.8585192840034521       1.2763794127823678       0.7757127059675306       0.8265624634513096
      0.13252791863084842       29.622279089327172       12.875200558734043        4.705577071348771       0.8679330677739023       1.6947779772922662      -0.8605467082626216        1.280766364426855       0.7728803864312342       0.8242979403445178
      0.13626963116130514       30.458616473889563       12.943388969608556        4.604998332173434       0.8844891335641293       1.6971575564391497      -0.8618042354070882       1.2850172566341072       0.7701598226903416       0.8221208150309806
      0.14002485440619017       31.297973736509547       13.008635102878015        4.510451272439527       0.9001845032707678        1.700902228345771      -0.8625101862814893       1.2891297015399548       0.7675472345565504       0.8200282865601378
       0.1437938341175337        32.14040580701097       13.071182843022283        4.421378452458177       0.9150419954428467       1.7058452513122893      -0.8629704770765626       1.2931155035335735       0.7650367122663567       0.8180158285080104
       0.1475768207858494        32.98596867435059        13.13125456815999        4.337046244220277       0.9290792835340876       1.7115650642997264      -0.8634226688152435       1.2969803523651282       0.7626200104429349       0.8160770176432135
      0.15137406912084844        33.83471927054868       13.189100401006979        4.256749536776517        0.942398843436607       1.7174737239748377      -0.8640158476208617        1.300746315527406       0.7602845793083456       0.8142019466853332
      0.15518583857072543       34.686715586758424       13.244992848116615        4.179950379055295       0.9551143468841454       1.7229054025995354       -0.864772964766956       1.3044314192433786        0.758014979346196       0.8123783501351395
      0.15901239319233695        35.54201664424856       13.299211002972864       4.1064256402631125        0.967369204356405       1.7272293924288642      -0.8656811858918513       1.3080646784934258       0.7557951336598582       0.8105934096270224
       0.1628540018459337       36.400682537929384        13.35197779041778        4.036119880657931       0.9792546788941641        1.729997596504861       -0.866694162568885       1.3116613136794637       0.7536128529525746       0.8088373964846481
       0.1667109381951605       37.262774436352764       13.403444901945795       3.9689711760685515       0.9908407819386533       1.7310773775880828      -0.8677828282130796        1.315236690410889       0.7514610444488343        0.807104658196512
      0.17058348077196708        38.12835459622079        13.45369611622173       3.9047003506522135       1.0021330445239012       1.7305934662831803      -0.8689041155065103        1.318789336826691       0.7493378346369379       0.8053937327093087
      0.17447191310642954        38.99748639140314       13.502796356340012       3.8428832887821707       1.0131148302427349       1.7287970978838325      -0.8700313727559309        1.322319163048416       0.7472447847713307       0.8037059240624513
      0.17837652385657174        39.87023434195442       13.550808722983703       3.7831370251159324       1.0237012945661856       1.7259660113316033      -0.8711198474426262       1.3258143739602624       0.7451859854879844       0.8020445812185244
       0.1822976069381868       40.746664143131454       13.597803872141409       3.7253335025641747       1.0337775320667177       1.7223924175732006      -0.8721314475045913       1.3292700113519673       0.7431656810796652       0.8004131858465856
       0.1862354613301049       41.626842621867326       13.643845272818329        3.669535194109719       1.0431890210115533        1.718394384283391      -0.8730274129695532       1.3326775762559924       0.7411865710353542       0.7988139795115673
      0.19019039152856854        42.51083783833206       13.688997426330014        3.615851005945126       1.0518093992545638        1.714292074928579      -0.8738122022021025        1.336040602256996       0.7392483447986764       0.7972467740396822
       0.1941627074823215        43.39871907142393       13.733327462061377       3.5642923705204965       1.0595389849478056       1.7103630693305785      -0.8745030130723354       1.3393605807470728       0.7373484934873629       0.7957096003970552
      0.19815272452769844       44.290556804260824        13.77691919973692       3.5148810172196976       1.0663436253043626       1.7068541274381077      -0.8750923623803054        1.342648517123231       0.7354826346550966       0.7941989660926957
      0.20216076377808906        45.18642281123222       13.819866019785726        3.467768626855344       1.0722284253772427         1.70392125201448      -0.8754687680792204       1.3459124318305804       0.7336450041710844       0.7927102492492218
       0.2061871521239382       46.086390157999226       13.862266569514611       3.4232057817220274        1.077255067205541       1.7015334870456424      -0.8754610663961228        1.349167671649495       0.7318286175643796       0.7912378262700656
       0.2102322221678351        46.99053318698587       13.904203786370642        3.381249668776248        1.081499765646362       1.6994894179173103      -0.8749222626474706       1.3524231843860934       0.7300268069451296       0.7897763161297747
      0.21429631254906703        47.89892758992249       13.945739863951662       3.3416102521578686        1.085052357708648       1.6975868781415826      -0.8738077779537892       1.3556895698172533       0.7282345338986123       0.7883216473119405
      0.21837976787870858        48.81165039333703       13.986918943999038        3.303685697939404       1.0879825291813607       1.6957543123909298      -0.8721451432874789        1.358967747210362       0.7264496059040506       0.7868720501788387
      0.22248293899926458        49.72878001658975       14.027788629242822        3.266846317660931        1.090363190127859       1.6940663436259376      -0.8700154784820631       1.3622586898264677       0.7246724829350352       0.7854279068842267
      0.22660618285484874       50.650396242855884       14.068400459118198       3.2307051354827965       1.0922580338964059       1.6926887078059187      -0.8675286956525614         1.36555509592782       0.7229056325271923       0.7839912334047887
      0.23074986301046918        51.57658033519493       14.108794967323217        3.195209833704089       1.0937370098752714       1.6918149280626766      -0.8648170512661112       1.3688525103281965        0.721151962543336        0.782564408978784
      0.23491434919765378       52.507414934990074       14.148979682662628        3.160498929988244       1.0948494595487597       1.6914751839464561      -0.8619769181881324       1.3721441703217245       0.7194133812050489       0.7811490044910454
      0.23910001796355707        53.44298420703482       14.188939718373984       3.1267661931508974        1.095630705498013        1.691335661501938       -0.859043385892699       1.3754320831950797        0.717689387134217       0.7797446310546483
      0.24330725241131754        54.38337378149828        14.22865342975647        3.094133442465971       1.0960822528149436       1.6907655730983586      -0.8559852967820124       1.3787190255541155        0.715977401999427        0.778349205321105
      0.24753644252461132       55.328670826468624        14.26810203430489        3.062664026942053       1.0961903595306643       1.6891714266659112      -0.8527541896144404       1.3820119680924798       0.7142745372174822       0.7769603857698553
       0.2517879852325627        56.27896406246165       14.307264118053887       3.0324508477415844       1.0959291514717338       1.6862592947275268      -0.8493030604442808       1.3853104601512964       0.7125798285895619       0.7755773961432427
        0.256062284474655         57.2343437769295       14.346120459083904        3.003584699033806       1.0952871999428018       1.6821077897494614      -0.8455904711501157       1.3886113592597649       0.7108950017014932       0.7742016553006629
       0.2603597512656414        58.19490183876934       14.384664795341095         2.97591786795339       1.0942550520643624        1.677031269135227      -0.8415810846804141        1.391902828151203       0.7092244117871418       0.7728367345614736
       0.2646808040200985       59.160731770866676        14.42291813515155       2.9489877572145593       1.0928277686220471       1.6713126818488746      -0.8372951799934211       1.3951724960168879       0.7075744542394939       0.7714878819003737
      0.26902586855242616        60.13192875009537       14.460921887558278       2.9221785712396566       1.0909995380323152       1.6650402000649895      -0.8328245083770207       1.3984040697380418       0.7059526164698057       0.7701612508140979
       0.2733953782066693        61.10858963633501        14.49873213557908        2.894967203591554       1.0888048973946152         1.65820785965604      -0.8283029307066839       1.4015871915792035       0.7043650067008037       0.7688618793635161
        0.277789773986339        62.09081300148817       14.536424318199163       2.8669967762191817       1.0863280674979765        1.650891890302251       -0.823824226665015       1.4047170645040794       0.7028134660321737       0.7675913208872114
      0.28220950468423434        63.07869915849787       14.574102533788281        2.838033153338819       1.0836868433749218       1.6433052865881712      -0.8193901038380708        1.407802342994251       0.7012940489020015       0.7663463886407336
       0.2866550269473527        64.07235017585609       14.611884820380505        2.808040361303867       1.0809768264486044       1.6357494191495188      -0.8149225053900969       1.4108595698710782       0.6997977132669803       0.7651197089870062
      0.29112680566635457        65.07186996465593       14.649868520492378        2.777427345574151       1.0782508152936396       1.6285323575250141      -0.8103593926860378       1.4139140844169438       0.6983125149662959       0.7639015109979513
       0.2956253137159205        66.07736422055687       14.688086299241801       2.7470481525419514       1.0755085735252314       1.6218741385629805      -0.8057167640675931       1.4169872303653204       0.6968276822933736       0.7626829652450654
      0.30015103247403657        67.08894053985412       14.726487179994951        2.717886156500931       1.0727070382899986       1.6159051214189288      -0.8010931587199608        1.420091547895658       0.6953377736967195        0.761459601232271
      0.30470445169217364        68.10670839046129       14.764947227817455       2.6905962760930837        1.069760979512356       1.6106923620809563      -0.7966269594702803       1.4232226347188737       0.6938445422382473       0.7602328511163388
       0.3092860697549296        69.13077916994511       14.803314272808592        2.665254169875091       1.0665741459580607       1.6062277224044235      -0.7924444187701207       1.4263670889861917       0.6923549433707196       0.7590084275253828
       0.3138963938747621        70.16126624905137       14.841463013336242        2.641546900160385         1.06306535320035       1.6024083179022175       -0.788589424084361       1.4295086729331914        0.690876233636722       0.7577923030539662
      0.31853594002707725        71.19828495719625       14.879329945765695       2.6192016827764375       1.0591990196559915       1.5990695468101945      -0.7849754022119138       1.4326427473537047       0.6894108329678035       0.7565864821218986
       0.3232052334046053        72.24195268402711        14.91690380015565       2.5981182991545064       1.0549864439362626       1.5960457674405495      -0.7813824952967501       1.4357765020499658       0.6879546768188668       0.7553876332605951
       0.3279048083524896        73.29238886491372        14.95419577363774        2.578149863172702       1.0504846399886143       1.5931996916557316      -0.7775171575967624       1.4389267459032453       0.6864997512977435       0.7541891638231165
       0.3326352084981082        74.34971500996562        14.99122268709913        2.558882898631627       1.0457741218086725       1.5904269802531588      -0.7730958885990099       1.4421077156700421       0.6850383330016058       0.7529847066558204
      0.33739698701071663        75.41405476206685        15.02800711835278       2.5397362240632386       1.0409403645079964       1.5876726062359428       -0.767947523676167        1.445327797531942       0.6835659559064462       0.7517705677744393
       0.3421907068610908        76.48553395491051        15.06457455209414        2.520254741509355       1.0360648683116986       1.5848856373536562      -0.7620547815725203        1.448585652294193       0.6820821110519657       0.7505463108038034
        0.347016940691706        77.56428058398161       15.100951348850714       2.5003005921326658       1.0312480150260324       1.5819001751171937      -0.7555172128945756       1.4518758461970114       0.6805891867753742       0.7493138906476544
       0.3518762712062006        78.65042489360887        15.13716236010091        2.479992653989976       1.0266009023389433        1.578389842951789      -0.7485074347418293       1.4551897771601694       0.6790906940332592       0.7480761938543526
       0.3567692912342871        79.74409939147357       15.173229227828177       2.4594265978855288       1.0222143455815724       1.5739303390013948      -0.7412701816243801       1.4585210940925961       0.6775896409648954       0.7468356976090381
       0.3616966039913953        80.84543890664412        15.20916950808385       2.4383425007184067       1.0181384428294618       1.5681084102727307      -0.7340874792463118        1.461864602210735       0.6760878624338547       0.7455939141266418
      0.36665882307867204        81.95458058957614       15.245005646963786       2.4162163550201883        1.014382678225059       1.5607690316807188      -0.7271995228277482       1.4652171432437657       0.6745868193721151       0.7443520495140722
      0.37165657287244536        83.07166399916439       15.280777201181154       2.3927967722282593        1.010910298523084       1.5521049106432403      -0.7207481730319532       1.4685728613151192       0.6730888926796951       0.7431120743127327
      0.37669048858913584         84.1968311172515       15.316531010402217       2.3684169522259677       1.0076537480445074       1.5424580374841383      -0.7148143375113292       1.4719273218842719        0.671596733386648       0.7418761872458008
       0.3817612163501667        85.33022636313663        15.35228694269831       2.3438374624693816       1.0045160889117202       1.5321250348952515      -0.7094650428445766       1.4752783474650972       0.6701119409601021       0.7406457202288395
      0.38686941357142873        86.47199668062751       15.388029143481717       2.3198767306944887       1.0013718308346582        1.521353734428239      -0.7047378466919545       1.4786258060373072       0.6686358256808332       0.7394217682590057
      0.39201574896327984        87.62229153804039       15.423746867277297       2.2970722508364636       0.9980867309563947       1.5104650129769586      -0.7005956663015298       1.4819663859620311       0.6671703756833491       0.7382059912393203
        0.397200902855099        88.78126300074338       15.459478676205311       2.2756630641004203       0.9945513707851247       1.4998717798978682      -0.6969041737883089       1.4852989055851324       0.6657164075951334       0.7369990799531148
       0.4024255672601968         89.9490657456652       15.495302464446794       2.2557546388542704       0.9907117025088195       1.4898527277066946      -0.6934724954527082        1.488627950839276       0.6642714705881865       0.7357990121546023
      0.40769044626528017        91.12585714834717       15.531279353234632       2.2372980681012438       0.9865812474972864        1.480242472949813      -0.6901259143422791       1.4919662719399716        0.662829967506852       0.7346011458899362
       0.4129962558357195         92.3117972394171       15.567414872573032        2.219881371921285       0.9821953104213341       1.4703792400096696      -0.6866934798250474       1.4953295242909372       0.6613845234078217       0.7333993505775556
       0.4183437244646569        93.50704884967618       15.603669627714048        2.202649510690242       0.9775567520798746        1.459424210570804      -0.6829844923679673       1.4987323308408549       0.6599285017874207       0.7321880966882408
       0.4237335931080946         94.7117775955901       15.639980620339625       2.1845935405877492       0.9725997051846225       1.4467266971023418       -0.678833222268625       1.5021813762943013       0.6584586614608074       0.7309646692748912
      0.42916661531471695        95.92615190830657       15.676264652544537        2.165012384616809       0.9672250368539645       1.4320317677903978      -0.6741845064751133       1.5056753961103584       0.6569764739370886       0.7297302730499836
      0.43464355774517605        97.15034314972453       15.712443852024025       2.1435993905144706       0.9613542753543706       1.4154892239102839      -0.6691054423907519        1.509201802242677        0.655488365979781       0.7284902455661476
       0.4401651999124489         98.3845255544596       15.748492388401084       2.1203073115298965       0.9549316610283397       1.3975925169290733      -0.6637058473472924       1.5127384286148053       0.6540048496551607       0.7272533435203975
      0.44573233496076614        99.62887640394801        15.78445113958373        2.095466107233834       0.9479327097043966        1.379083732462036      -0.6580671592238296       1.5162621267262455       0.6525357629646293       0.7260277809562162
      0.45134576934105836       100.88357595390333       15.820411642753937        2.069791399010262       0.9403796479655625        1.360906793496986      -0.6522126316270379       1.5197692602162047       0.6510826613141633       0.7248148749015012
       0.4570063232653315       102.14880753587715       15.856474350374667        2.044138030658827       0.9323135891649417        1.344206166180302      -0.6461457767816732       1.5232809613055933       0.6496364521556552       0.7236070498939894
       0.4627148309663092       103.42475761529364       15.892670981189502        2.019269885168264       0.9237742352165423       1.3300339617874395      -0.6399117026477742       1.5268329903788078       0.6481827978683097        0.722392329364709
      0.46847214089216555       104.71161583497576       15.928926462886789       1.9956329319734791       0.9148063203729706       1.3188249733420074      -0.6335595933014986       1.5304573250613613       0.6467086365410982       0.7211597767539336
       0.4742791156416142       106.00957500063646       15.965089868849208        1.973166395863228       0.9054728365090449        1.310157093789494      -0.6271004677552637       1.5341719343310047       0.6452067460833282       0.7199033171404945
       0.4801366327428369       107.31883125498268        16.00099344199017       1.9512781477330121       0.8958341904332191       1.3030609201607504      -0.6205197252915429       1.5379708507049719        0.643678876715519       0.7186243734518166
       0.4860455843289302       108.63958400517214       16.036527300729468        1.929053178905871       0.8859600668466165       1.2964609988371079      -0.6138064657305525        1.541828983543131       0.6421349367851036       0.7173312062758668
       0.4920068776571911       109.97203603888259        16.07170823413015       1.9057589521001528       0.8759464009136889       1.2895080202522695      -0.6069552083783637       1.5457146868467104       0.6405869493812613       0.7160338684180394
      0.49802143536875987       111.31639358234654        16.10669822093761       1.8812968838196797       0.8659065604232363        1.281890828442254      -0.5999539582078869       1.5496073628234641       0.6390426128779141       0.7147388090850305
       0.5040901954886204        112.6728663003512        16.14172190523375       1.8560199056119502       0.8559668261506358       1.2737435613617822      -0.5928139504872127       1.5534975958947226       0.6375050112285061       0.7134486199629871
       0.5102141118150644        114.0416673832906       16.176947837905416       1.8303560706157644       0.8462824348983721       1.2652343084191215      -0.5856108798669063       1.5573824292634588       0.6359760390491046       0.7121649001138464
       0.5163941542442448       115.42301361970884       16.212454247384507       1.8048927723200805        0.836997681243595       1.2564222043018398      -0.5784674752777147       1.5612648414544437       0.6344552186796018        0.710887258870353
       0.5226313088350868       116.81712541080879        16.24823201545927       1.7802865284755063       0.8281855905862769       1.2473280943627878      -0.5714850815792466        1.565160782654339       0.6329369624198419       0.7096110078001275
        0.528926578068931       118.22422682848682       16.284206383409494       1.7567625555213746       0.8198165451366664       1.2378302361540623      -0.5646529008787154       1.5690962639178492       0.6314107541982916        0.708327300674632
        0.535280981238997       119.64454570238475        16.32030217355839       1.7341558043347702       0.8117520570443272       1.2274965559727584      -0.5578601992805066       1.5731004341346955       0.6298650656091059       0.7070264175509452
       0.5416955545802059        121.0783136489072        16.35646132027454         1.71251961569732       0.8037577315647165       1.2159039021134006      -0.5510146142282939       1.5771871766634658       0.6282939471126726       0.7057033139365154
       0.5481713514639117       122.52576611474768       16.392626427942304         1.69221263270375       0.7956072558535997       1.2031386173353793      -0.5440808558082649       1.5813538000649798       0.6266986844688693       0.7043590309556784
       0.5547094429171873        123.9871424929578       16.428785432255186       1.6734448172540453       0.7871771980773385       1.1896488888701326      -0.5369853640345271       1.5855940449505361        0.625081747827834       0.7029956106333624
       0.5613109174930035        125.4626860939301       16.464985902948648        1.655967327415578       0.7785122818421935       1.1754544594055722      -0.5297275411147752       1.5899114161600438       0.6234422204215085       0.7016122409271343
       0.5679768817246036       126.95264424695858       16.501244444073524        1.639188176905537       0.7697227763221932        1.159898836889713      -0.5225044399202723        1.594307568816305       0.6217797828359134       0.7002086115302991
       0.5747084605798785       128.45726840179952        16.53750755376502       1.6223987687375514       0.7607945182400181       1.1425259599412418      -0.5154786709877589       1.5987694392040284       0.6201003932571708       0.6987897162832737
       0.5815067973315458       129.97681409965404       16.573707116986817        1.604819206428147       0.7516119484370452       1.1236233543631344      -0.5087063655404327       1.6032651342310713       0.6184164030394783       0.6973659690494546
        0.588373054076435       131.51154108923748       16.609815276366763       1.5857212741402273       0.7420881901920602       1.1037127299883454      -0.5022000426747244       1.6077535970751995       0.6167429479833894       0.6959501683935473
       0.5953084119302203       133.06171337030557       16.645842864393526       1.5649178179952756       0.7322419593160864       1.0832384573665101      -0.4959324994956454       1.6121920291807692       0.6150956368286643       0.6945555480656171
       0.6023140714168845       134.62759928070614       16.681812840716262       1.5429235452249925       0.7221906806694536       1.0626432365519014     -0.48974503094897004       1.6165482471420083       0.6134869285143231       0.6931927075991248
       0.6093912524038082       136.20947148187065        16.71772788064044        1.520664746817718        0.712108108465837       1.0421204116312217     -0.48336580549270497       1.6208156334460475       0.6119201224823304       0.6918645061785333
       0.6165411948157886       137.80760711840966        16.75356290155881       1.4989438493333198       0.7021136781926097       1.0216264925833336      -0.4765331220280359       1.6250135685199087       0.6103886295701644       0.6905654182157341
       0.6237651585701278       139.42228780360387        16.78932025345606        1.477948823205847       0.6922050524596391       1.0011174887942207      -0.4690498642869725       1.6291671951155668       0.6088837906679694       0.6892881455474871
       0.6310644239660981       141.05379970645637       16.825110302718535       1.4574071525110484       0.6822946673502756       0.9808414921264875      -0.4608659223541783       1.6332953171329716       0.6073990233741947       0.6880271355031947
       0.6384402920744054        142.7024336387446       16.861091937332827       1.4370780324206816       0.6722924171159979       0.9612445328250915      -0.4521651746965564       1.6374260663653277       0.6059245258458444       0.6867740846749424
        0.645894084802101       144.36848506952893       16.897345118716885       1.4171033127485717       0.6622165876935924       0.9423344634301447     -0.44325674754226674       1.6416126682315464       0.6044399881760563       0.6855117312202113
        0.653427145346956       146.05225422671356       16.933798855357754       1.3977364559410927       0.6521652689877385       0.9236818408936267     -0.43442426488940394       1.6459239336990545        0.602919719760505       0.6842181911054426
       0.6610408384571042       147.75404615508083        16.97026872456315       1.3786232025954934        0.642206734035495       0.9047272808278678     -0.42579726188002254       1.6504064535819338       0.6013457933936994        0.682878136025563
       0.6687365506257749       149.47417075981778       17.006573336609364        1.358642501253724       0.6323745590641808       0.8846502613817949     -0.41733687460079366       1.6550542870938816       0.5997202953245687        0.681493251586622
       0.6765156904158458       151.21294287905886       17.042662276222362        1.336620265180161       0.6226579866954407       0.8625191070000598     -0.40890363517145917         1.65980806561498       0.5980645865597441       0.6800816632980059
       0.6843796888493083       152.97068237093853       17.078571756843996       1.3123136164700666       0.6129544757889016       0.8381948010840274      -0.4003621289685527       1.6645988666295075       0.5964052387877185       0.6786659920010469
       0.6923299995370877       154.74771414260815        17.11438345893979       1.2863751742705214       0.6030522879442081       0.8129544454804127     -0.39168823978111583        1.669384194467433       0.5947580428708604       0.6772597138210709
       0.7003680991334198       156.54436825179698       17.150261630191746       1.2593050316218026        0.592729302065216       0.7886560903474523      -0.3829667769227561       1.6741672886976722       0.5931238491733912       0.6758635736575827
       0.7084954875305818         158.360979950338       17.186406444842824        1.231372604320226        0.581878721453122        0.766095596857833     -0.37423080159454725       1.6789716202229443       0.5914941169506768       0.6744702869981996
       0.7167136880536253       160.19788972769402       17.222843393011132       1.2032872591974435       0.5705538029843262       0.7446051747175862      -0.3653672996869065       1.6838236786185725       0.5898595220548808       0.6730718787940393
       0.7250242480445726       162.05544344153566       17.259374432658657        1.175778554195686       0.5589743178917217       0.7232740538819064      -0.3562972860607758        1.688723148919129        0.588217261713538       0.6716659367703818
       0.7334287388624164       163.93399231774134        17.29575393302392       1.1490018626797245       0.5473341279898276       0.7019298364961025      -0.3470689349127052       1.6936559397710143       0.5865714547851917       0.6702559736562156
       0.7419287564024069        165.8338930664668        17.33189149392835       1.1229239826694206       0.5357653550221075       0.6810490712163652      -0.3378984924494161       1.6986088127395074       0.5849258296095113       0.6688451770437123
       0.7505259211609604        167.7555078966534        17.36785503096119       1.0973267201640708       0.5243283115070733       0.6603974014726475      -0.3289691160850488        1.703586118001848       0.5832806763731208       0.6674337928214734
       0.7592218788198581       169.69920464660657       17.403773678808765        1.071695660273227       0.5130015444394195       0.6385846659228613     -0.32026001263019976        1.708593877077888       0.5816326684897045        0.666018961429344
        0.768018300376066        171.6653568130129       17.439715486468163       1.0450541324718585       0.5016967354845377       0.6151847182157059      -0.3118603986660026        1.713633261014833       0.5799828164022797       0.6646015425262675
       0.7769168823364678       173.65434359446618        17.47565439032254       1.0160510472122408      0.49030761710751664       0.5909060990796124      -0.3039561746462153       1.7186812913560243       0.5783380468042503       0.6631874863660636
       0.7859193472371507       175.66655000753684        17.51161681261533        0.983901194134902      0.47895085717116925       0.5663291301484974     -0.29658836593922566       1.7237363140245159       0.5767008589206729       0.6617789496362685
       0.7950274438381373       177.70236693029787       17.547800492238526       0.9492507325791957      0.46766880959317403       0.5415447163526991     -0.28943459923095016       1.7288063248480008       0.5750678730931397       0.6603730319242418
       0.8042429475128505       179.76219118937692       17.584367055121977       0.9129623384692372      0.45620173147371407        0.516909197885451     -0.28197164871108316       1.7339187808292171       0.5734324427133256       0.6589640089012682
       0.8135676603130237        181.8464255744649       17.621181097812748       0.8757719382040917      0.44427485185245685      0.49324455409368484     -0.27386506431591506       1.7390901922847637       0.5717897601752103       0.6575477260077066
       0.8230034114879871        183.9554789543853       17.657869506515333       0.8384180132651636       0.4318523071337323       0.4711210202250582      -0.2649869839717825       1.7443114060878593       0.5701442779251491       0.6561280090931088
       0.8325520578092206       186.08976634963773        17.69408876806868       0.8015692139605896       0.4191898346727704      0.45046875555530735      -0.2554533672709932       1.7495465308326301       0.5685067506923251       0.6547141384417843
       0.8422154835703551        188.2497089323977       17.729633656710885       0.7653904099074897      0.40666328249682643      0.43091597228223677     -0.24547174636692148       1.7547795856768984       0.5668817161868717       0.6533100473754286
       0.8519956013661001       190.43573420062083       17.764505464207723       0.7293131237065741       0.3945249646288036       0.4115142793906377     -0.23503690487314297       1.7600294954743727       0.5652619064386158       0.6519094689384046
       0.8618943518975118       192.64827593451665       17.798876400162147       0.6926857481492368      0.38258325537833526      0.39138241145007174     -0.22389670256611865       1.7653364331254813       0.5636343640989863        0.650501193531748
       0.8719137046211008       194.88777434163555        17.83281505505333       0.6550147583588936       0.3705263719547214        0.370414919995173      -0.2121182777890309       1.7707131181359355       0.5619960516078039       0.6490825718348455
       0.8820556576839211       197.15467604235982       17.866287663010866       0.6163457836208531       0.3581132982261919      0.34929638350858955     -0.20014320493748683       1.7761459655743028       0.5603512136057016       0.6476572592196184
       0.8923222387674097       199.44943425851665       17.899248080671256        0.577401832371648       0.3452680316565921       0.3292395657187291     -0.18843094619499778        1.781660288771992       0.5586935243977145       0.6462197519167179
       0.9027155046979215       201.77250872632584        17.93157695551944         0.53948692600363      0.33206655254298195       0.3101722751269053     -0.17726847006948487       1.7873028099083552       0.5570090382680213       0.6447579142584858
        0.913237542355481        204.1243658995214        17.96310239385301       0.5030396399123448       0.3187159452902921      0.29131902403570753     -0.16650295593867925       1.7930654494691465       0.5553036571005131       0.6432768170795626
       0.9238904685439598       206.50547892033413       17.993723515251595      0.46756567699012697      0.30530127773671484       0.2725610918380293     -0.15599186370715631       1.7988712469872115       0.5535988646533767       0.6417950942045666
       0.9346764303156302       208.91632769203483        18.02324535854452       0.4332165961217946      0.29182605774694137      0.25372402048629555      -0.1460245167720317        1.804666601429435       0.5519132663083136       0.6403289319557574
       0.9455976056202728       211.35739902402125       18.051551556513225        0.400553086074629      0.27836148052621307        0.234900334757175      -0.1366261298981398        1.810409984256455       0.5502558152755282       0.6388861607571916
        0.956656203045534       213.82918657378323        18.07866527283494       0.3696938909674085       0.2649774724095573      0.21679495259425502     -0.12737007929058725       1.8160751057997688       0.5486354669119574       0.6374746359201754
       0.9678544624011216       216.33219097748076       18.104754785029556      0.33990876188178343      0.25165531566974275      0.20013970535935974     -0.11768840301051836       1.8216751335025678       0.5470420845062943       0.6360855850959087
       0.9791946550433595       218.86691992248748       18.129751963880505       0.3111240363101779      0.23836835797718972      0.18494696547810843     -0.10762702499197187       1.8273021065168518       0.5454525152751927       0.6346988502357529
       0.9906790839400974         221.433888161899       18.153407258679437      0.28408158478551265      0.22519069167883143      0.17039928523128278     -0.09782826299858839        1.832965724684156       0.5438606434774318       0.6333090937425642
       1.0023100839952654        224.0336175870767       18.175396934384324       0.2592384244929481       0.2122559561056454      0.15622249579114528     -0.08877663193964064       1.8385989858536038       0.5422913699569358       0.6319380705443804
       1.0140900223085165         226.666637285682       18.195561532884465      0.23650460129289602       0.1996544504878488      0.14332227499460218     -0.08056441599687383        1.844076596663138       0.5407736941179855       0.6306111827773105
        1.026021298564691       229.33348362872863       18.213972012028243      0.21534209694435752      0.18728395752465948      0.13218014738461498     -0.07283962848724834       1.8493416562527911       0.5393258469463574       0.6293444775007716
       1.0381063450338164       232.03470027058265        18.23085024475428      0.19568144361639497      0.17515997477674472      0.12248004644857068     -0.06538996271554615       1.8543750513411144       0.5379460263429809       0.6281364965250834
       1.0503476269605718       234.77083823601416       18.246231639812606      0.17750290471731878      0.16339761545920078      0.11338922322716836    -0.058501893920853656        1.859205113946595       0.5366319556617624       0.6269853568106111
       1.0627476428239313        237.5424559782324       18.260154588768803       0.1600323615029084       0.1519099630383245      0.10364265300854401     -0.05230617234884004        1.863805059877434       0.5353846253643988       0.6258920302753758
       1.0753089244020737       240.35011939339412       18.272737030127185       0.1430035266014838        0.140640713120524      0.09285791065504867     -0.04660277733344368       1.8681632412536908       0.5342101969234779        0.624862022444534
       1.0880340372267594       243.19440192216442       18.284131836635357      0.12725123002993938      0.12975130909949723      0.08209584477104938     -0.04138126547904687       1.8722075935412024       0.5331236256722522       0.6239085636522291
       1.1009255804535065       246.07588452069925       18.294470139392455      0.11345312871091538      0.11947872508836313      0.07240021037315315     -0.03659222381579145       1.8759106501652985       0.5321363907884132       0.6230418505381954
       1.1139861875107004        248.9951558057323        18.30386088474564      0.10141057024187458      0.10998900426998923       0.0641187021487602     -0.03219099009688451       1.8792997439903452       0.5312369915203896       0.6222519000678931
       1.1272185259697711       251.95281202555762       18.312288962360906      0.09056477769374968       0.1010859224859965     0.057432176410829726    -0.028276688262612155       1.8824393297738609       0.5304100916499827       0.6215253314142257
       1.1406252977399256       254.94945710355543       18.319715987411865      0.08069191603154952      0.09253738509283072     0.051989171146414354      -0.0248357963745923       1.8853398681142937       0.5296516895954247       0.6208587004527202
       1.1542092393927015        257.9857027107358       18.326263948698024       0.0716374397698971      0.08427451821732887      0.04722964688680435     -0.02167033897674435       1.8879981239590882       0.5289601887193979       0.6202506672212008
       1.1679731224216106       261.06216832377294        18.33204171833849      0.06354931861910394      0.07639820801112931     0.042596125086827565     -0.01870052920665113       1.8903929599268132       0.5283415762644549       0.6197065559899716
       1.1819197529824943        264.1794811669709       18.337147145451294      0.05669912692421096      0.06903202358356113      0.03773512476653716    -0.016026786715955848       1.8925110880403082       0.5277969171203687       0.6192273598074471
       1.1960519725426335       267.33827635735014       18.341658366714967     0.050966042522715034       0.0622967691328338     0.032784133017887705    -0.013706424818255604       1.8944128179399542       0.5273149669918616       0.6188032324967352
       1.2103726576860139        270.5391968611213        18.34571587279881      0.04602300424690786     0.056108761736115086       0.0281000436475826    -0.011553029277546756        1.896157646614508       0.5268720926927067       0.6184134073741291
       1.2248847203729705        273.7828935517201       18.349242501418956     0.041188924075403935      0.05043656615071567     0.024096058661271996    -0.009432801080731863        1.897782656109655       0.5264657998365669       0.6180557097751928
       1.2395911080050974       277.07002522431617       18.352196993555964     0.036403235861767906      0.04527941142090489     0.020853506017241223    -0.007433930916097079       1.8992228695072095       0.5261037789181597       0.6177369307580368
       1.2544948036199808        280.4012586393386       18.354575220536383      0.03192730199711498     0.040657887315348376     0.018236658508794606    -0.005654081642272427        1.900514341916611       0.5257878311939229        0.617458676865764
        1.269598825956109         283.777268536985       18.356554194256905       0.0281450080701771       0.0365624431456617       0.0159722092161925    -0.004194324851771232       1.9016662805596278       0.5255024521745137       0.6172073087772055
       1.2849062293879623        287.1987376227127       18.358100318876804      0.02526776176677414      0.03288159899009594      0.01398605955834508    -0.003174911672410788       1.9027265713526849       0.5252487120009104       0.6169837802141257
       1.3004201043154768        290.6663566542907       18.359340222979036     0.023048294137552734     0.029542000571244564     0.012272483406565707    -0.002521471971970328        1.903650942715659       0.5250228535276427       0.6167847909025538
       1.3161435767745806        294.1808243547478       18.360317173068793     0.021386207178477223     0.026521732446142424     0.010851737768798152   -0.0020788273865736924       1.9044892849131214       0.5248265462886026        0.616611819890295
       1.3320798088915686       297.74284751393316        18.36109516504988      0.02009823067937022     0.023798988138626027     0.009661047695661784   -0.0017702068847695832       1.9051935949217562       0.5246575314979399       0.6164628839501456
        1.348231998623459       301.35314093048163        18.36157507842012     0.018839091965837045     0.021363691235195447     0.008561410734035338   -0.0015076238585788923       1.9058097884177658       0.5245190909591305       0.6163408811236458
       1.3646033800825486       305.01242748435726       18.361823000076335     0.017384282756517853      0.01924709471985094     0.007510963051578944   -0.0012413328437936063       1.9063210256327567       0.5244014449403167       0.6162371974561573
       1.3811972230820355       308.72143803529235       18.361915297909455     0.015883685843913288     0.017389866115273128     0.006567684558637397    -0.000977720214473546       1.9067683998129705       0.5243057531268671       0.6161528581575002
       1.3980168334605751       312.48091149533104        18.36198594546144      0.01445642725636807     0.015735275226890763     0.005760914996043052   -0.0007357831304495268        1.907113484257083       0.5242314774274247       0.6160873915933444
       1.4150655530173675       316.29159481432055       18.362113234305053     0.013108990187885453     0.014270470966540562     0.005104251044082037   -0.0005353148813422182       1.9074015637297261       0.5241740339487168       0.6160367593498853
       1.4323467593823358        320.1542429508936        18.36229870440798     0.011876786443005183     0.013027886148891043     0.004580032440676696  -0.00041912065919717817        1.907625306536079       0.5241320165414517        0.615999723186658
       1.4498638657564864       324.06961881443436        18.36251943053622     0.010844598570494334     0.011947952568981225     0.004159346909300702    -0.000415413684984955       1.9077859158481258       0.5241053973699328        0.615976259384788
       1.4676203211715468        328.0384933231123       18.362711168976638     0.010059894483105108      0.01098234248446319     0.003820141509185355   -0.0004749712087748358       1.9079100715037003       0.5240900534446121       0.6159627341544249
       1.4856196102303278       332.06164534584826       18.362906522268812     0.009500092245995228      0.01005795315461393     0.003531237261274526   -0.0005298200724479624       1.9080036263937965       0.5240748053011393       0.6159492932549444
       1.5038652528470768        336.1398616442792       18.363006629648265     0.009039724543093288     0.009170244216147516    0.0032814773088556846   -0.0005142435437316582       1.9081047602204593       0.5240625391756765       0.6159384808670879
       1.5223608042474805       340.27393687275884        18.36308056348968     0.008549723376924959     0.008346791046418563    0.0030714226592492865  -0.00043211576072854006       1.9081657572088124       0.5240480319013999       0.6159256928617477
       1.5411098547739297       344.46467353483075        18.36306019695145     0.008030167591944236     0.007627083420037366     0.002897971997321982  -0.00033303477218532687       1.9082407648280733       0.5240390332424688       0.6159177605967697
       1.5601160296258803       348.71288192519455       18.363076681602834     0.007533658924189875    0.0070085183748978385    0.0027531748165467674   -0.0002618339586588175       1.9082597010921043       0.5240285312106715       0.6159085030743813
       1.5793829887300272       353.01938010068807       18.363033336319912     0.007083602533415242     0.006461623255427005    0.0026298987597903898  -0.00021052282734105885       1.9082992499170226       0.5240249276004689       0.6159053264876957
       1.5989144264157553        357.3849938077441       18.363047024332523     0.006676544549766005     0.005982859385870437    0.0025227256564093843  -0.00018009093009334028       1.9082821815223925        0.524018800858175       0.6158999257445312
       1.6187140712853145        361.8105564533731       18.363013577164594    0.0063159120133449275    0.0055436276583300725    0.0024309742083773365  -0.00015984592690170045       1.9082987783772198        0.524017399527155       0.6158986904644828
       1.6387856856296252       366.29690897458534       18.363041814394816     0.005990946705733224     0.005159304868426802     0.002351340105319002  -0.00015112480980089383       1.9082707324961787       0.5240122112586287       0.6158941169735803
       1.6591330654931877       370.84489985289906       18.363037392564408     0.005700436721458875     0.004797949611613494     0.002284374172096774   -0.0001473154218297277       1.9082756301879455       0.5240098823542001        0.615892064026193
       1.6797600402197084        375.4553850127804       18.363080428192298     0.005434869142677616     0.004483575470047522    0.0022263716045266345  -0.00014864516251491137       1.9082485108011913        0.524005012632993       0.6158877713216602
       1.7006704718679013        380.1292276910649        18.36311179785999     0.005193720142306957     0.004181696854472904    0.0021785956948781895  -0.00015297467882284532       1.9082410414514883       0.5240012927359723       0.6158844921911223
       1.7218682551465796       384.86729842244904       18.363165018702148     0.004972562314988135     0.003918973244674553    0.0021375084622273694  -0.00015771969018547717       1.9082232022430832       0.5239975097888969       0.6158811574752924
       1.7433573167006362        389.6704748798949        18.36323090207046     0.004769904773101902     0.003667199159430851     0.002104161422987943  -0.00016404960843354458        1.908207740550667       0.5239929685324931       0.6158771542922218
       1.7651416150461325        394.5396418601214        18.36327478482457     0.004585386726773711     0.003448240163700388    0.0020761701548166383    -0.000167912233289151       1.9082118830404986       0.5239915560069891       0.6158759091288325
       1.7872251397264607        399.4756910949914       18.363354329337298    0.0044152814109686776    0.0032444082397401117     0.002053578251668004   -0.0001724729335342895        1.908197655414429       0.5239873184097836       0.6158721736153879
        1.809611910922878       404.47952116446055       18.363365646592055     0.004262197634049101     0.003065685753965142    0.0020360119562242655  -0.00017453560621773603       1.9082310128710755       0.5239889814301498       0.6158736395968041
       1.8323059791948637       409.55203743854105         18.3634389254772     0.004121200945632852      0.00290543037629022     0.002022155745203944  -0.00017698470066690434       1.9082235849213367       0.5239857604446825       0.6158708002409623
       1.8553114245064593        414.6941518596734        18.36340540139352     0.003996764609746256    0.0027573348438864054    0.0020136105796641577  -0.00017993173419598993       1.9082826483395592       0.5239900354870266       0.6158745687656962
        1.878632355901713       419.90678287018153       18.363448848759504      0.00388148536201807    0.0026285306666147617    0.0020078746281864714  -0.00018189376322642634       1.9082857493452556       0.5239882726623325       0.6158730148057714
       1.9022729109853962        425.1908552962044       18.363365089713735     0.003779392775818781    0.0024990718100389863    0.0020071214722509187  -0.00018653248417768473       1.9083581444241149       0.5239937958858351       0.6158778836167813
        1.926237254884429        430.5473001155569         18.3633621770667    0.0036837665465437935    0.0023900292021580348     0.002008189375256256    -0.000186523229432322       1.9083691955583122       0.5239932009134133       0.6158773591395678
       1.9505295801180624        435.9770544287125       18.363256861131124      0.00359906002195779    0.0022723515637946387    0.0020126043044007636  -0.00018947868919516316       1.9084344671762086       0.5239977665489391       0.6158813838127168
       1.9751541052996593          441.48106116863       18.363223899202566    0.0035198192646437457     0.002175475897589356    0.0020180570706742206  -0.00018691127528435496       1.9084553811281117       0.5239984351231666       0.6158819731697441
        2.000115075006877        447.0602690717362       18.363139492484397    0.0034478579960339328     0.002068664927605221    0.0020257794096208057  -0.00018584666418209475       1.9085065392919205       0.5240013328110802        0.615884527517806
       2.0254167584185394        452.7156323732436       18.363073241713995    0.0033808378609142898    0.0019806775174979734    0.0020350440298222516  -0.00018144598092887523       1.9085480243323694       0.5240042372935948       0.6158870878518496
       2.0510634490549937        458.4481107491158       18.363016866338214     0.003317946874733658    0.0018832358306767015     0.002046378694826104  -0.00017524388898477338       1.9085821923525466         0.52400519126329       0.6158879287861045
        2.077059463609721        464.2586690549119       18.362903796622472     0.003263161648504657    0.0018029196588980755    0.0020594620517320663  -0.00017057066836381675       1.9086415853057992       0.5240097741193069       0.6158919686162363
        2.103409141040581        470.1482771226643       18.362871099926956    0.0032120850935492065     0.001719982831548116    0.0020737110041702104  -0.00016059619774852593       1.9086444080849174       0.5240072505681084       0.6158897440835159
       2.1301168419207084       476.11790961579277       18.362719249278637    0.0031727058400539947    0.0016561401628096735    0.0020892953402418517   -0.0001547845484125779       1.9087071062064873        0.524011703564724       0.6158936694376448
       2.1571869473999383       482.16854579696513       18.362712041732273    0.0031367958550652855    0.0015943096828259491    0.0021059161445160643   -0.0001419915251334872       1.9086861348519408       0.5240066494769947       0.6158892142159832
        2.184623858231149       488.30116931046774        18.36256239932309    0.0031123479182048955    0.0015441755006689517      0.00212445452255752  -0.00013208958540184392       1.9087538851298467       0.5240112542307309       0.6158932733463128
       2.2124319936018644       494.51676792104894        18.36257530442568    0.0030903282260142874    0.0015002568602213585     0.002144054732618131  -0.00011851863026103904       1.9087305611789056       0.5240063279119577       0.6158889307532828
       2.2406157904202395        500.8163333543242         18.3624677318669    0.0030764099782187404     0.001463521906255278     0.002165045108639688  -0.00010597662556946444       1.9087869309070071       0.5240096457830214       0.6158918554867293
       2.2691797019519333       507.20086099209345       18.362482768400046     0.003064136334769313    0.0014409862965695601      0.00218638808913062   -9.626495750353769e-05       1.9087703406385375       0.5240060373677734       0.6158886746357278
       2.2981281969762706         513.671349683729       18.362450889058305    0.0030555672034967073    0.0014162100788391344    0.0022086077163749503   -8.537741815237085e-05       1.9087915075898205       0.5240057123550633       0.6158883881337863
       2.3274657584231133         520.228801441493        18.36246037898496     0.003046931599777074    0.0014057642169915663    0.0022318649438654455   -8.024135382571614e-05       1.9087862811121312       0.5240037675073159       0.6158866737301952
       2.3571968823342937         526.874221208399       18.362528300564215    0.0030354069497296465     0.001385108666175608     0.002255127149598942   -7.090965920512126e-05        1.908757245189305       0.5239982291929862       0.6158817916395855
        2.387326076565395        533.6086165680384       18.362543439685076    0.0030181230029576148    0.0013803159348119356    0.0022804677061339187   -6.369606121764415e-05        1.908760686510669       0.5239973365632897       0.6158810047745784
        2.417857859552453        540.4329974689157       18.362718898841322    0.0029913466429600786     0.001368416744201357    0.0023047956087592554  -5.1102318879480926e-05       1.9086674167338757       0.5239851788844301       0.6158702875848158
        2.448796759208466        547.3483759778013       18.362764907825074     0.002954469785158794    0.0013684974898989582    0.0023321351741244357   -3.587386521208667e-05       1.9086567955875238       0.5239825951233137       0.6158680099497603
       2.4801473114304557        554.3557659460321        18.36301336459737     0.002907696695180429    0.0013668066764864022    0.0023594174669840807  -2.0045378715802695e-05       1.9085160199452536       0.5239657451799307       0.6158531563321358
        2.511914058736337         561.456182704829       18.363102957783287     0.002857239586049375    0.0013681090739974856    0.0023899266339280894    2.216901226716323e-07       1.9084924025648282         0.52396149852959       0.6158494127920908
       2.5441015489667045         568.650642775124       18.363366669036647     0.002805260324172565    0.0013665293131506719     0.002421133232825241   1.4963350436814935e-05       1.9083568156698254        0.523945681675635       0.6158354697299518
       2.5767143339866196        575.9401635773867       18.363506747771883    0.0027608404424804734    0.0013603936801623274     0.002452771517907138   3.7505740023025905e-05       1.9083145633005811        0.523939242466663       0.6158297933313585
       2.6097569679330177          583.32576303989        18.36371796969663    0.0027213960574648697    0.0013528846994655677    0.0024837412329997356    5.548876771134842e-05       1.9082340418610997       0.5239297631611421        0.615821436944555
       2.6432340061112285        590.8084593520631       18.363899682477257    0.0026948912384790473     0.001345471143330684    0.0025103457794768656    8.117610992193044e-05        1.908160820751625       0.5239200017565816       0.6158128318366684
        2.677150003112563        598.3892705437395       18.364028761613138    0.0026730336967601496      0.00133720120849464    0.0025390091020001497   0.00010255746184381187        1.908145611313099       0.5239177139836603       0.6158108150583163
        2.711509511645921        606.0692142240014        18.36425453245358    0.0026603212762192556    0.0013239063680423973    0.0025613107270027026   0.00012231018605138563       1.9080439988355387       0.5239051743817094       0.6157997607762298
       2.7463170805904698        613.8493071459195       18.364293586800425     0.002651778464671635     0.001309782397113133     0.002588781960634858   0.00013958471464459472         1.90809574529501       0.5239099958899335       0.6158040111830886
       2.7815772536974275        621.7305649163799         18.3645089758847    0.0026444976959559335    0.0012989275584984897     0.002610350405872069   0.00014956176666520508       1.9080267179548682       0.5239015872759389       0.6157965985521185
        2.817294567837477         629.714001604349        18.36445471836846    0.0026435919106338056    0.0012894521906836858     0.002634154920817267   0.00016146697522276545       1.9081423740494086       0.5239130785989324       0.6158067287440993
       2.8534735513779927        637.8006293781581       18.364594494527108    0.0026278504256952153    0.0012851589470791215     0.002654569793382299    0.0001719094517896393       1.9081561875238429       0.5239142808790591       0.6158077886126295
        2.890118722365544        645.9914580992597       18.364504933217635    0.0026142726323535067     0.001281517160457911    0.0026736236923038293    0.0001838861866827802       1.9082518439832428       0.5239234630126758       0.6158158830908907
        2.927234586968037        654.2874949740199       18.364512267341855    0.0025852011104049643    0.0012790474710930747    0.0026987755837312205   0.00019974344135767944       1.9083294509231434       0.5239317923376865       0.6158232257479859
       2.9648256375923014        662.6897441329664       18.364496247135357     0.002558201484061801    0.0012863409209971609     0.002720550693072774    0.0002158155520018311        1.908354346494895       0.5239334235309864       0.6158246637113955
       3.0028963513262354        671.1992062825815       18.364367727276317    0.0025353010674480808    0.0013025869992397377     0.002752883759770017   0.00024316715073034108       1.9084938743082251       0.5239483831977151       0.6158378512154355
       3.0414511878616595        679.8168782410232       18.364462316097896    0.0025111066613287287     0.001322833926068338    0.0027821865710973433     0.000279448097352436       1.9084837869391396       0.5239465388356878       0.6158362253466229
       3.0804945880013728        688.5437526044274       18.364268206559537    0.0025000861461259554    0.0013511131842796733     0.002816163982978005   0.00031184656724889234       1.9086186559211258       0.5239606702246697       0.6158486826174486
        3.120030971452186        697.3808172536118       18.364427094158156     0.002490674131935697    0.0013734590415386701    0.0028544686769999216   0.00034954065080985015       1.9085739750531396         0.52395553298256       0.6158441539841331
        3.160064735202154        706.3290549913596        18.36427697042444     0.002493949902232784    0.0014106361224245582     0.002889335270141353   0.00037990112031688843       1.9086390997445892       0.5239616763105872       0.6158495695111222
        3.200600251703074        715.3894431361772       18.364369623207093    0.0024994685591897613     0.001425747801462113    0.0029325469919831157   0.00040694845048669755        1.908663131457594       0.5239641224082597       0.6158517258148001
       3.2416418667284344        724.5629530435074       18.364431461417038    0.0025066188923824396     0.001443419635712585    0.0029724116239116024     0.000429989597024614       1.9087070043676413       0.5239678168321666       0.6158549825482809
        3.283193897685732        733.8505497285046       18.364416427606823     0.002515697743349836    0.0014558491642015215    0.0030077282063596827    0.0004376082609593382       1.9088475613030202       0.5239829092678444       0.6158682868743487
       3.3252606314095106        743.2531913727394       18.364652028814866     0.002527175547428916    0.0014767880399723689    0.0030326419477475384    0.0004609727996000607       1.9088767295211688       0.5239852616407945       0.6158703605360945
       3.3678463224736785        752.7718289469735       18.364461966514114    0.0025468853397338236    0.0015037981856714576    0.0030418827717295805   0.00047069186717337306       1.9090674924826991       0.5240056050895247       0.6158882935781356
          3.4109551913091        762.4074057904087       18.364552930828957     0.002559877377408841     0.001532145596993362      0.00304711190661357    0.0004953996885335779       1.9090731755650814       0.5240059542402736       0.6158886013580128
       3.4545914217369886        772.1608570593568        18.36421307142847      0.00257446209944267    0.0015469679796859717    0.0030547859914163054    0.0004999328770365983       1.9092032904632366        0.524019388484067       0.6159004437393416
       3.4987591595408656         782.033109408049        18.36400333388149    0.0025706100462924092    0.0015627194443608142    0.0030606724480472637    0.0005066147850008885       1.9092071027232134       0.5240197103577329       0.6159007274723333
       3.5434625100648685         792.025080451815        18.36376989315209     0.002574683927742462    0.0015780246857151417    0.0030789975182391343     0.000510816538687244       1.9092172588980265       0.5240197978370832       0.6159008045857415
       3.5887055366558913         802.137678418876       18.363404114522904      0.00255435268182283     0.001573794710703668     0.003104004131836328     0.000513731037411082       1.9092831352557675       0.5240267867856657       0.6159069653623429
       3.6344922580671555        812.3718015699961       18.363331408443408    0.0025337180906337244    0.0015823917633270375    0.0031407293369625972    0.0005153687026547159       1.9091667766392983       0.5240131972803798        0.615894986158744
        3.680826646965261        822.7283378647842       18.362965467982036    0.0025123117502858666    0.0015859620862194621     0.003200659454951334    0.0005273367287307139       1.9092631698624503       0.5240230878604947       0.6159037047526117
       3.7277126276583155        833.2081644538904        18.36297655489666    0.0024709861444009423    0.0016013721028946808     0.003251931068432521    0.0005255623670915862       1.9091400478090952       0.5240092772308411       0.6158915306048669
       3.7751540742784297        843.8121472727629       18.362769928253314     0.002439098185463846    0.0016223246639681954     0.003295633555978205    0.0005395669170119784       1.9091819983639151       0.5240128935109005       0.6158947183838382
       3.8231548085098432        854.5411405338444       18.362813465556393    0.0023940874102029537    0.0016978342741665634     0.003328081065999926    0.0005518067328047176        1.909157794305465       0.5240102700621551       0.6158924057939323
       3.8717185978363338        865.3959863348389        18.36283001384568    0.0023633950606907358    0.0017410537992722569    0.0033507315025281138    0.0005586387770952241       1.9090043852469725       0.5239925146136781       0.6158767541557576
        3.920849153399166        876.3775141799246        18.36273389136816    0.0023407249052121875    0.0018040499281958573     0.003368578878855027     0.000551250752859661       1.9090371670052702       0.5239958385247556       0.6158796842328367
        3.970550128049766        887.4865405444943       18.363029580792855    0.0023260430318160405     0.001853207851624875     0.003378523981973206    0.0005444672596515267        1.908829252020458       0.5239727504006005       0.6158593316118514
       4.0208251144673115         898.723868454404        18.36284675642135     0.002327444099451601    0.0018594711102196896     0.003378579536777926    0.0005400191209187487        1.908838938891935       0.5239729578525185       0.6158595144856646
        4.071677643081589        910.0902870216952        18.36323274443289    0.0023374444791151635    0.0018906505906631308    0.0033774721336346076    0.0005404846376849673        1.908776062276446       0.5239659926555346         0.61585337448851
        4.123111180060762        921.5865709948264       18.363290669313027     0.002390817967787047    0.0019432960860908538     0.003376580484533412    0.0005661288793262245        1.908726418164337       0.5239598366677076        0.615847947812689
        4.175129125688598        933.2134803959566       18.363247500507995    0.0024344539243030825     0.001955042277068961    0.0033649295282536422    0.0005877085229016333       1.9087898553259328       0.5239665568740175       0.6158538718621202
        4.227734811962778        944.9717599841233        18.36346039530849    0.0024167390472675265    0.0020026156618545648    0.0033467447542259196    0.0005859866233397071       1.9086819215225725       0.5239542883684368       0.6158430568177071
        4.280931501231764        956.8621389505621        18.36296355665385     0.002352506076522233     0.002033110640573028     0.003324795374249266    0.0005657934687527622        1.908700354690185       0.5239558900068446       0.6158444687121288
        4.334722383922934        968.8853304109022        18.36311375001011    0.0023182770141662676    0.0020597280408711973    0.0033048659628481286    0.0005576256249795636       1.9085819956592898         0.52394260090848       0.6158327539230244
        4.389110576919799        981.0420310424499       18.362861082184356    0.0023261452787210982    0.0021081219814450838    0.0033089365051520653    0.0005727506263700578        1.908584163128362       0.5239421156881563       0.6158323261835131
        4.444099121744516        993.3329206779459       18.362665312105246    0.0023206156775979927     0.002167812989518475    0.0033495605720833222     0.000615924557808162       1.9085665730652315       0.5239399508147837       0.6158304177670292
        4.499690982610559       1005.7586618703052        18.36292858422028    0.0022744368854076885    0.0022300891380009533    0.0033860363074710745    0.0006080219721069812        1.908554604476704       0.5239378404078499       0.6158285573628415
        4.555889044735041       1018.3198995153915       18.362661816438788    0.0022458671498653067    0.0022724659076396674    0.0034255944177347497    0.0006067274836971628        1.908721590186636       0.5239558492288663       0.6158444327650773
        4.612696112845768       1031.0172605183182       18.362991009640453    0.0022086878504152248     0.002312805310602808     0.003442861546518882     0.000605971895192848       1.9087014297792217       0.5239532431988737       0.6158421354674194
        4.670114909039184       1043.8513533146618        18.36307137538083    0.0021797147599728864    0.0023519750056446797     0.003461612843463976    0.0005982661236371058       1.9090013215338142       0.5239853175981897       0.6158704098635801
         4.72814807154707       1056.8227675947974       18.363370415814497    0.0021522792340101355    0.0024318108874723547    0.0034918867945413707    0.0006494943000880294       1.9091577994551283       0.5240024332075954       0.6158854975301431
        4.786798153048858       1069.9320739266736       18.363745342852138    0.0021156995374822184    0.0025125214966049253    0.0035105008229095124    0.0006720929511520009       1.9091517592292957        0.524001124507193       0.6158843438954476
        4.846067618919052       1083.1798233640782       18.363575487770248    0.0020906714739846468    0.0025854512124096115     0.003537872480849576    0.0007024421464190142       1.9093409004087476       0.5240217118362284       0.6159024917830767
        4.905958845864091       1096.5665471419557       18.364219894105265     0.002129284078807324    0.0025754248404093977     0.003558189083050561    0.0007244426287506485       1.9092336550534992       0.5240095632669328       0.6158917827481046
       4.9664741203644995       1110.0927563281994       18.364443234096274    0.0022004881838524307    0.0026652556710274108    0.0035452682128680668    0.0007766876197884133        1.909380272183679       0.5240249597106579       0.6159053547928897
        5.027615637441581       1123.7589415479874       18.364625218259093     0.002220378735449911    0.0027291416371061144    0.0035177402844656183    0.0008298437484174898        1.909432864664448       0.5240307697963139        0.615910476387541
        5.089385498904828       1137.5655725920478       18.364649462742143     0.002217604010974752    0.0027191299187291256    0.0034856467541349674    0.0008109641403152658        1.909287215754219       0.5240140670439002       0.6158957528611138
        5.151785712443171       1151.5130982135372       18.363760757151734     0.002174312541148917    0.0027845769592128073    0.0034456624087163285    0.0008015965201899476       1.9093246400227204       0.5240179624245503       0.6158991866613492
        5.214818190067126       1165.6019457798336       18.363603740619993    0.0021365340825227484    0.0027863946043166312    0.0034413701875734308    0.0007729751457038197       1.9090190442867252       0.5239840586748401       0.6158693000988891
        5.278484747070211       1179.8325210403957        18.36304948291184      0.00210415387060661    0.0027820380673706123    0.0034486177463601306    0.0007357813299822949       1.9089442687931555       0.5239749132682193       0.6158612382303509
        5.342787100665838        1194.205207822084        18.36278218650284     0.001999853368712093    0.0029074924626582995    0.0034265276343115113    0.0007374712586140407       1.9089471200238923       0.5239753144615934       0.6158615918914968
        5.407726869143454       1208.7203678405444       18.363170137622486    0.0019770745552405594    0.0030864019660762293     0.003432957320528285    0.0007600425824299405       1.9088531413306136       0.5239647351362139        0.615852265951276
        5.473305570505436       1223.3783403955292       18.362270145528388     0.001971701188467004    0.0031761891727643933    0.0034395752873602014    0.0007596775367344794        1.909016348874018       0.5239823939050546       0.6158678325718819
       5.5395246218179635       1238.1794422258088       18.362032467940562    0.0019428951860308557     0.003142558664621936    0.0034574130630939774    0.0007055706629302148        1.908808236674831       0.5239592532987922       0.6158474335558116
       5.6063853380426405       1253.1239672480156        18.36214962711771    0.0019365987055352332    0.0032456019599195877     0.003452370806291642    0.0006681759392242201       1.9088761866460433       0.5239658950694244       0.6158532884637427
        5.673888931322471       1268.2121863970494        18.36199198040488    0.0019613062286438403     0.003319684390699942     0.003399760429387911    0.0007176114793644793       1.9090965195718443       0.5239901730674671       0.6158746900451375
        5.742036510138022       1283.4443474374648        18.36274497230711    0.0020015772311311924    0.0034115690487419408     0.003335032638912291    0.0007267935105739785       1.9089087716821334       0.5239691723924871        0.615856177509518
        5.810829078528489        1298.820674789366       18.362913683648927    0.0019357375562640917    0.0034584786052051456    0.0033278125702395295    0.0007112695164313025        1.909221121026142       0.5240026130049006       0.6158856560235121
        5.880267535507506       1314.3413693978293       18.363525922713386    0.0018356911045104667    0.0034663807865422096    0.0033125835728105247    0.0006445722521618653        1.909363254949127       0.5240183219247347        0.615899503562488
        5.950352674478948       1330.0066086023262       18.364437280867453    0.0018196662107328489      0.00363307416032513     0.003305441694535659     0.000702375894548871       1.9092975096454337       0.5240106514184159       0.6158927419625396
        6.021085182652731       1345.8165460061437       18.363990973541455    0.0018465494380765996    0.0036693506924353647     0.003333733289052607     0.000753071857234322       1.9095300250824967       0.5240358731284068       0.6159149749667117
         6.09246564065535       1361.7713113893328       18.364306462367267     0.001908074009438382    0.0037881225565280286    0.0032921588717709054    0.0007449315064808518       1.9092465614272132       0.5240049395916151       0.6158877069349304
        6.164494522010592       1377.8710105926398        18.36434403943836    0.0019009367270142442     0.003944080769106442    0.0031877811778259417    0.0006820738555758511       1.9091960075943166       0.5239987542627224       0.6158822544954188
        6.237172193009718       1394.1157254884886       18.363492443704498    0.0018373149888528699     0.003813266427221164     0.003114532626706818    0.0005045342946787694        1.909242717559956       0.5240036276196833       0.6158865504177254
        6.310498912386902        1410.505513908437        18.36359284563472     0.001799304552674805     0.003942706276105628    0.0030380823106693744   0.00043504886240197443       1.9087454647571012       0.5239488285763967       0.6158382438319078
        6.384474831124507       1427.0404095996507       18.362716341991742    0.0017989800567692795     0.004100337065279883    0.0029915060352693344   0.00042029829035031724       1.9088069407184327        0.523955062664166        0.615843739383779
         6.45909999232326       1443.7204221958868       18.361716579074095    0.0017970126311676968     0.004093612881866197     0.003033979951200381   0.00040384483404872287       1.9086862980126742       0.5239419164887087       0.6158321505818652
        6.534374331332071       1460.5455372465094       18.362265423645663     0.001794391021868215      0.00428001343303032    0.0030265856261469364   0.00041736845910460903       1.9084363613838031       0.5239138520878373       0.6158074106123381
        6.610297675553305       1477.5157161729667       18.362507171573572    0.0017919653303800618     0.004410565311387082    0.0030152038314350607   0.00040276772491896134       1.9092444522944545       0.5240020673808257       0.6158851750496437
        6.686869744767332       1494.6308963413303       18.363093838260227    0.0017643076918216556     0.004438323485063689     0.002990733875907583   0.00027840985430776773       1.9094945732436381        0.524029918326619       0.6159097258172854
        6.764090151197442       1511.8909910768068       18.363479954614427    0.0017733378806077135     0.004418716219474905     0.002940087440350108   0.00023673401205419298       1.9092958228104047       0.5240072857261338       0.6158897750756448
        6.841958399899306       1529.2958897507897       18.362691867847374     0.001747690617821846     0.004617959371456372     0.002849343018110747   0.00028229949026073784         1.90979920383211       0.5240623790375181       0.6159383397075168
        6.920473888825886        1546.845457795366       18.363025018622377    0.0017152262935105729    0.0048129856137988074     0.002822999959337394   0.00020240845733532145       1.9097677379557532       0.5240593894582848       0.6159357044328012
        6.999635909606369       1564.5395368774225        18.36288568324841    0.0016658100054627878     0.004587777374138275    0.0028872900043165673   0.00016317325858895411       1.9097318167230863       0.5240539864422257       0.6159309417357792
         7.07944364754616       1582.3779448986443        18.36117014681807    0.0016774246407781227     0.004485685322971201    0.0028268847979225193     0.000225762381220446       1.9100271714396742        0.524085857510016       0.6159590355411108
       7.1598961826654595       1600.3604762276548        18.36078354933107    0.0016107186628532186     0.004738678627726442    0.0027433199599129665   0.00018735777274002247        1.909494682490327       0.5240277669291085       0.6159078293597293
        7.240992489958901       1618.4869017580488       18.360642650527126    0.0015716242633642952     0.004841511997246618    0.0027024355114887467   0.00015724936767552816       1.9095565286158318       0.5240336618640208       0.6159130257419965
        7.322731440174489       1636.7569690824982        18.36022429626782    0.0015470116299235012     0.004925701843181149    0.0026179506439055642   0.00015786197711171234       1.9102966451966028       0.5241149275732705       0.6159846599360265
        7.405111800462693       1655.1704026378372       18.361270629784194     0.001501055002747222     0.004962495497565841     0.002542217346850708     9.38094199417742e-05       1.9101110039932891       0.5240945671708227       0.6159667128849785
        7.488132235479942        1673.726903951711       18.361550867453083    0.0015326435605415144     0.004891234791208101    0.0025073110198554492    8.932786804419539e-07       1.9103033948093748       0.5241145852972848       0.6159843582320069
        7.571791307778082        1692.426151729627       18.360996300597584     0.001542776343136151     0.004963702336589074    0.0024324998168580242   4.2957315573338235e-05       1.9107978321902903       0.5241688168888202       0.6160321608227803
        7.656087479297326       1711.2678021886538       18.361495677514796    0.0014930002669072103     0.004881466474379943     0.002337429882253285  -1.4480727109815122e-05       1.9100905473988052       0.5240913004236764       0.6159638333344232
        7.741019111885536       1730.2514891734922       18.361063104198927    0.0014436010491161522     0.005206190444944144    0.0022726458432997176  -0.00013694499001256743       1.9097542958107714       0.5240539601596553       0.6159309185679633
        7.826584468531534       1749.3768244321386        18.36051290648124    0.0014461727160762973     0.005437820510646605    0.0021930572258388676   -0.0002742720730080294       1.9100543447404725       0.5240872759277788       0.6159602858423672
        7.912781714598399       1768.6433978915495        18.36184593293718    0.0014641087847824432     0.005358772126570383     0.002190422782403706   -0.0002539747654890613       1.9096194954463301        0.524039161853472        0.615917873966853
        7.999608918862041       1788.0507778897813       18.362256698873374    0.0015063721909644055     0.005262954817654798    0.0021616709867664672  -0.00034561070438962133       1.9096313855848206       0.5240393543369413       0.6159180436402464
        8.087064054614682       1807.5985114226366       18.361935266179028    0.0015018158186010022     0.005393500780408278    0.0021288229513970426  -0.00042107231560024086        1.910088691265426       0.5240896397548251       0.6159623694973647
        8.175145001287632        1827.286124506382       18.363013095147906    0.0014623984176672016     0.005472808268380272    0.0020199029492620614   -0.0004724677890848239        1.909463164183666        0.524021446867648       0.6159022582123835
        8.263849545554761       1847.1131224243952         18.3628210800959    0.0014713727987269527     0.005805180906875242     0.001795942961617832   -0.0005145434900473923       1.9089892959153885       0.5239688904597143       0.6158559289786018
        8.353175382760536       1867.0789900463544       18.361577575280926    0.0014350719794102168     0.005596576438453831    0.0017370218913829393   -0.0005262511567858382       1.9094051463425294       0.5240139600114858       0.6158956585113408
        8.443120118218246       1887.1831921184134         18.3624886365189    0.0014028281643027561     0.005774532021055307    0.0017347235151923006   -0.0006532239639587333       1.9094592131180042       0.5240199884208326       0.6159009725860914
        8.533681269092403        1907.425173683953       18.362969901557552    0.0013480597667391231     0.005733298085243148    0.0017492875491356137   -0.0007607097038746922        1.909620866617489       0.5240370836723461       0.6159160420576729
         8.62485626543732       1927.8043603157184        18.36144982653415    0.0012999326658550301     0.005781199165789029    0.0016456992277373052   -0.0007865916435375574        1.910111716760261       0.5240908368348959       0.6159634246929035
        8.716642452144423         1948.32015855108       18.361377216311027    0.0012716730704000027      0.00591683530996048    0.0015819868381169333   -0.0008373399548690895       1.9097644022622005       0.5240530413937967       0.6159301086851084
        8.809037090370301       1968.9719562112246       18.362018576730367    0.0013037994046875875     0.005801559530052412    0.0015567477008152464   -0.0009364502482469099       1.9095600964061248       0.5240296219442915       0.6159094645562897
        8.902037359289286       1989.7591227928885       18.360741447555977    0.0012909524183966597     0.005630446855885755    0.0014889915934382662   -0.0008895045511760234       1.9105463427841067       0.5241369264670275       0.6160040510694601
        8.995640357586405       2010.6810098020585       18.360228146509083    0.0012791348056937523    0.0058950767392370665    0.0014241934725964878   -0.0009339972867955006       1.9108200519310836       0.5241677480110852       0.6160312186694024
        9.089843105534516       2031.7369512182465        18.36109471363946    0.0013883916693164318      0.00618669049566966    0.0013209839836046675   -0.0011569531315022553       1.9101502991638113       0.5240944497807438       0.6159666094088301
        9.184642546422355        2052.926263813684        18.36025588816908    0.0014344564415984414     0.006094346336342352    0.0012497618988183763   -0.0013741436877102962       1.9104866030916778       0.5241305749562452       0.6159984524909665
         9.28003554850185        2074.248247588579        18.35924224955231     0.001357075018740034    0.0060310623736661495     0.001153819052052127    -0.001362633015365464        1.911097673848755       0.5241975394862008        0.616057477937179
         9.37601890674071       2095.7021861628514       18.360510000642353    0.0013405913261635496     0.006033388259285893    0.0010994694108509104   -0.0012997516495955117       1.9105317270514666       0.5241354019121922       0.6160027072427108
        9.472589344834665        2117.287347225902        18.36092381282115    0.0013541946647026158     0.005809146832908508    0.0010559810231016247   -0.0013226847226343941       1.9103311703059471       0.5241120892245904       0.6159821580318572
        9.569743516830227        2139.002982899329       18.359233862795907    0.0013797513226834193     0.005820701691698524      0.00089486756067875   -0.0015666372280974683        1.911177496066725       0.5242049774580735       0.6160640339724337
         9.66747800920184       2160.8483302012046        18.35940006453281    0.0014154519000552015     0.006236174300133388    0.0007792692924816307   -0.0017893843284002868       1.9110686236277419       0.5241940929891782       0.6160544400909734
        9.765789342734282        2182.822611466828        18.36133235375142    0.0013242995868477006     0.006103774449148239    0.0008144896242529167   -0.0016947339307992317       1.9100577875672895       0.5240825897722742       0.6159561551054037
        9.864673974405086       2204.9250347694756        18.36067198246749    0.0012330095043492978     0.005851520068930291    0.0007972525614400707   -0.0016729644155130412       1.9103894156695618       0.5241174161644875       0.6159868535385515
        9.964128299331854       2227.1547943556616        18.35883552899073     0.001229590749702912     0.005541903190789856    0.0007110884251055299   -0.0017017628234379924       1.9113209302091465       0.5242193640525135       0.6160767146508636
       10.064148652914321        2249.511071123924        18.35964611664878    0.0011494297693555768      0.00540150630163989    0.0006165998374472816    -0.001601873922752294        1.910888754683202       0.5241719008260779       0.6160348791309012
        10.16473131252202         2271.99303300205       18.360853844159685    0.0011572776049972833     0.005167074331615795    0.0005369179162411086    -0.001663522394151401       1.9102418115446922       0.5241000345390663       0.6159715322143486
       10.265872499701262         2294.59983544037        18.35901534612696    0.0012090122175252734     0.004959956606478575      0.00049194060930123   -0.0017792546691175386       1.9111790636488677       0.5242018566337873       0.6160612831939511
       10.367568382057536       2317.3306218325115       18.357324326895093    0.0011905977508613413     0.004941900218085201   0.00043313654338775806   -0.0018405519523414676       1.9120200286172992       0.5242944688445438       0.6161429123461062
       10.469815075332654        2340.184523979673       18.360004296776605     0.001114146614439713     0.004521012283647412    0.0003343581066196571   -0.0017180155662121467       1.9109403666362164       0.5241766761898343       0.6160390883234578
       10.572608645416993        2363.160662540396       18.364661433644283    0.0010584676713881302    0.0041732816248403245    0.0002735416675800389   -0.0016518287391236158       1.9097686680544428        0.524050193755094       0.6159275985180044
       10.675945110166984       2386.2581474368058       18.365966612290624    0.0010005723057472638     0.004029382104548075   0.00024248095599653952   -0.0016484698525415435       1.9109672252068148       0.5241855523438346       0.6160469120875993
         10.7798204417419        2409.476078376924       18.367245101250106    0.0008556340312380837     0.003698186598855336   0.00019099343147410344   -0.0014644712568300166       1.9122430490485591       0.5243308828093767       0.6161750069220997
       10.884230568356458        2432.813545246402        18.37376052489386    0.0007540645786818072    0.0034784423604503427    0.0001407529982625285    -0.001380659034090248        1.910424543054295       0.5241359086469458       0.6160031539067902
       10.989171376293031       2456.2696285582933       18.382433179912397     0.000717648235433254     0.003337117680396411    9.324410332363147e-05   -0.0013942746896657234       1.9069564694173164       0.5237563590498623       0.6156685676170076
       11.094638712108631       2479.8433999463414       18.385082942254783    0.0005909945046237015     0.002655507552858198   5.3400734781300024e-05    -0.001147322035039522       1.9060463874257079       0.5236528653612604       0.6155773237821567
       11.200628384387496       2503.5339225567222       18.382774367880668   0.00036318118331343254    0.0016669647975450488   2.4505721927469092e-05   -0.0007018933474321812       1.9067010548168302       0.5237200154814392        0.615636526306559
       11.307136165818216        2527.340251512314       18.383929229114013   0.00021865887936224168    0.0011691919071691386    9.160637090971797e-06  -0.00046467876988701113       1.9043781495499215       0.5234591406476858       0.6154065168447691
       11.414157795205991       2551.2614343624705       18.392309960910456   0.00010000399788113856    0.0005958437517655841   2.8460787358416096e-06  -0.00023082713505655317       1.8975600843034626       0.5227044604457597       0.6147409650948665
       11.521688979355027        2575.296511503772         18.4048024453899   2.1091524738753776e-05   0.00014499668446289776   4.4957976296332445e-07  -5.2350478725231384e-05       1.8889341320739532       0.5217497574485295       0.6138986691396098
        11.62972539508077       2599.4445166297924       18.410903959806536    5.488430083164118e-06    4.699284453734109e-05    8.595075318106771e-08   -1.530677028017672e-05       1.8848449997250092       0.5212947878263963       0.6134971322479285
