# Reference : "Volpiani, P. S., Bernardini, M., & Larsson, J. (2020). 
#              Effects of a nonadiabatic wall on hypersonic shock/boundary-layer interactions. 
#              Physical Review Fluids, 5(1), 014602."
TITLE="Mean profiles for compressible boundary layer"

M_inf     =                   5.0
Tw/Tr     =                   1.9
Cf        =      0.00103920905728
Re_delta  =         138184.960739
Re_theta  =         3895.73277103
Re_delta2 =         674.880036029
Re_tau    =         175.507458922
Re_star   =          3149.9034582
dx+       =         5.53629359634
dyw+      =        0.740886348923
dz+       =         3.78003239246

VARIABLES = "Y/DELTA" , "Y+" , "U+" , "R11/TAU_W" , "R22/TAU_W" , "R33/TAU_W" , "R12/TAU_W" , "RHO/RHO_W" , "T/T_W", "M/M_W" , "Prms/P_INF" 
     0.002110697612155955        0.370443174461265       0.3718457440053779      0.02322495960456139    0.0006260208968293929     0.013312975081726533   -0.0011678638727307727       1.0101477065613742       0.9899542349148912       0.9924561753537637
     0.006334981235691632       1.1118364589919092        1.127541689132468      0.19672172404417826    0.0038932725089619773       0.0846772402565675    -0.006485360672311896       1.0342261578901097        0.966897027508687       0.9750685948080245
     0.010563182434606763        1.853917307222535       1.9021298748845625       0.5683509292579683     0.008846375369108308        0.189081895937754    -0.019507535836321258       1.0632980798897924       0.9404697002026481       0.9550115106018241
     0.014795382199384009       2.5966999335869505       2.6953787219887806       1.1850979758804234      0.01663681923115373        0.306448947175941    -0.047333044251786416        1.098311638509794        0.910463529044336       0.9320665349289383
      0.01903166326936976        3.340198859457595       3.4991537521495872        2.057089655582069      0.02808812084248867       0.4268868991813561     -0.09486732006153717       1.1402608354449029       0.8769017120591599       0.9061773202724254
     0.023272110132774162        4.084428913145538        4.295743121330275       3.1096600881823653      0.04411004739009996       0.5456614712262605     -0.16040832155301035       1.1895874759729284       0.8403821615504358       0.8777232831447421
     0.027516808785448488        4.829405187564116        5.061242417610035        4.197889176279527      0.06534163546425269       0.6623510346938541     -0.23813698805202546       1.2458427487533072       0.8021952725061092       0.8476373278286327
      0.03176584727363599        5.575143135485749        5.773725700967999        5.184974907599701      0.09229525790291176       0.7750809634609761      -0.3212390095441294       1.3077017470844172       0.7639148167085216        0.817115973012001
     0.036019315271832365        6.321658495453306        6.417874681934368        5.972509062279512      0.12518320161797383       0.8818176548931892     -0.40321755152481603       1.3732425685490055       0.7270598781709173       0.7873677718820805
     0.040277304384313976        7.068967344700559         6.98719702564619        6.526069322050262      0.16278185087675523       0.9825711757178652      -0.4779861843931499       1.4403549507603672       0.6927192567654579       0.7593079473985933
      0.04453990802452658        7.817086077984002        7.483790760061216        6.864166440207162      0.20496662045101924       1.0790592364808762      -0.5449912741535686       1.5075654914958467       0.6613525390856158       0.7333727502163753
      0.04880722153569659        8.566031428751028        7.914387301157434        7.028109506862326      0.25074287340029644        1.172992310037908      -0.6038031772029463        1.573823478487654       0.6330149969457283       0.7096766225159369
      0.05307934237174804        9.315820500892205        8.287825517377309        7.061742613357367      0.29909235444486953       1.2639685259726408      -0.6548710245135109       1.6387405548493477       0.6074576367739408       0.6880769303516595
      0.05735636973546871       10.066470705236737        8.611407134163025        6.994295255109463      0.34897893832766114       1.3477943267594512      -0.6985042735242106        1.701735002666979       0.5844776089989447       0.6684607450739712
      0.06163840500064963       10.817999833641085        8.892609668405813        6.855167979384082       0.3994231158036177        1.421792169655054      -0.7356825379700124       1.7624699284244922       0.5638539871682791       0.6506912876606941
       0.0659255517120851       11.570426058988982        9.138105603110354        6.668075256009397       0.4494120349512984       1.4870967293826454      -0.7675519172898948       1.8206217873126669       0.5453720843940045       0.6346286557723603
      0.07021791534435004       12.323767892855056        9.353601791755118        6.453876269271644      0.49953173136745305       1.5461413412658913      -0.7946469985155058       1.8760839064235844       0.5288033192957747       0.6201127050823723
      0.07451560366363401       13.078044249009391        9.543765898720324        6.234092988770485       0.5487366596774756       1.5990659434268892      -0.8164131133200517        1.928773768415215       0.5139206399944436       0.6069767348421782
      0.07881872654682409       13.833274411665238        9.711872359907913       6.0179872845791635       0.5966596204929668        1.645884639879399      -0.8333217634541414       1.9785305267128346        0.500586476899791       0.5951265627214712
      0.08312739628303328       14.589478088399478        9.860377853699996        5.804403171255537        0.642706696186274       1.6857021849066804      -0.8460530269153386        2.025128327359578       0.4886840893394846       0.5844820115932744
      0.08744172727207217       15.346675357232169        9.992916575617045        5.598070209344851        0.686289967560559       1.7176877734144367      -0.8570924505407524        2.069117593558504       0.4779480978766146       0.5748248744918147
      0.09176183638628278        16.10488673013108       10.112402076119146        5.404222884308786       0.7267432542151753        1.741190227388317       -0.867145347381302       2.1111257900747873       0.4681066360076301       0.5659246336577608
      0.09608784284992741        16.86413313184353       10.220783430101958        5.222130235605244       0.7653864800987257       1.7562463649442073      -0.8763955626645774        2.151693585654285      0.45897868640038525       0.5576277640930575
       0.1004198683597998       17.624435921064546       10.319563792602406        5.050130384217618        0.801950464232363        1.763092556652477      -0.8838935417952152       2.1907798125199913      0.45049280034375183       0.5498774258657854
       0.1047580369646139       18.385816869268695       10.410461735962267        4.888941288187759       0.8355095117184472       1.7624952641707656       -0.890429920588841       2.2285985211454666      0.44257355094982215       0.5426116226838389
      0.10910247542683774       19.148298224214624       10.494780916216035        4.737468043056532        0.865903234373318       1.7556745569074412      -0.8960100306213317       2.2651125102162837        0.435192036990831       0.5358098647844749
      0.11345331304177647         19.9119026781928       10.573446149943146         4.59485343533532       0.8929134209534002       1.7460394854062313      -0.9006919795617785       2.3004953587939867        0.428286000870957       0.5294200800021586
        0.117810681697878        20.67665337860957       10.647396354639135        4.459251848895105        0.916806197539956       1.7373523996704499      -0.9034198769255841        2.335078103924274      0.42174679748164645       0.5233459228258829
       0.1221747159973444        21.44257394915538        10.71803659025029        4.334459092195282       0.9385286051465809       1.7310672509497242      -0.9044401847562166        2.369466940797218       0.4154653249663157       0.5174889579109883
      0.12654555337674298        22.20968851097293       10.786003932326505        4.224246311207838       0.9577800451267824       1.7248235287628726      -0.9038860848269852        2.403751155592534       0.4093983013408783       0.5118108958653711
      0.13092333386578395        22.97802164032083       10.851343647890781        4.128323238118454       0.9749211793079566         1.71788558084485      -0.9019794430111652        2.437789955307503      0.40355992140035357       0.5063269239021164
        0.135308200630071       23.747598463830393       10.913862792822226        4.042563883632506       0.9895880962789483       1.7124925484244196      -0.8986540472749239       2.4708756751159133      0.39804259738283443       0.5011262627869257
      0.13970029948865637       24.518444573832927       10.973653995420744       3.9642310253735586       1.0019000404004919       1.7102644909058649      -0.8941091395313246       2.5027782889791093      0.39289312959795264       0.4962560631011295
       0.1440997795170971       25.290586134200645       11.031159929516155       3.8922935194495136       1.0129108504993145        1.711272017068491      -0.8890915738886797       2.5336878385741883      0.38805479204953636      0.49166556009659285
       0.1485067925047043       26.064049785089836       11.086302984498142        3.823407105583649       1.0227959830745441        1.715224871590321      -0.8839628573889914       2.5635462549610244       0.3835087355037999      0.48733931162942323
      0.15292149355759965       26.838862748781768       11.138960899616896       3.7556499670892687       1.0319024912495998       1.7204626999462855      -0.8787540134667984        2.592382240927516      0.37921844799664234      0.48324469195816544
      0.15734404091779844       27.615052797930446       11.189421043034603       3.6891417537790487       1.0404217824226214       1.7235641253659058      -0.8736484325769788         2.62069776614469       0.3750985297843287       0.4793017574729658
       0.1617745960235152       28.392648266146676       11.237893376443644        3.625381849978002       1.0475674098106291        1.723753060210296      -0.8689526395562718        2.649035973672398       0.3710605798441383       0.4754267504502957
      0.16621332344885797       29.171678037413958       11.284601092526383         3.56387033197818        1.054199733453099       1.7217456260831774      -0.8653262151014155        2.678053982070684       0.3670170160852623       0.4715357773265252
      0.17066039138627367        29.95217163076126       11.329889808191112        3.503822853976368       1.0599335944131933       1.7173706764371786      -0.8616613378265189       2.7078392254265595       0.3629473626563924       0.4676088625620823
      0.17511597122440833       30.734159126174344       11.374063858289842       3.4469436132983238       1.0645710943410527        1.710818128033488      -0.8571405821593207       2.7383952559553886      0.35887083436230593      0.46366426240065683
      0.17958023797024691       31.517671238684432       11.417429455633666        3.393522505102021        1.067890145195675       1.7037900397110337      -0.8516451629634783       2.7695829967267667       0.3548043275771872      0.45971818270203035
      0.18405337006819605        32.30273928661588       11.460309966466449       3.3415881198193125        1.070219046310694        1.696329893383288      -0.8448179813553713        2.801019974079453       0.3508131543661841       0.4558341960482681
       0.1885355496413069        33.08939523392262       11.502566597640435       3.2902964592259383        1.071599906101394       1.6889456415930784      -0.8365295504372976       2.8322187804257766      0.34695715875480304      0.45207125112339847
      0.19302696255158056       33.877671700772176       11.544023215536406        3.241017584474301        1.071702183577674       1.6806102240614216      -0.8264962042689179       2.8633576742910374        0.343209279391125        0.448403781092194
      0.19752779839996829        34.66760196354571       11.584567973731847       3.1940889407053135       1.0715604554109721       1.6697195385903272      -0.8155753826238505        2.894693999118976      0.33952344189072975       0.4447872439770847
      0.20203825052637137        35.45921995483799       11.624087162560391        3.149577010341195       1.0720488014991782        1.658621009101581      -0.8049393870022684        2.926295957624299       0.3358836817070559       0.4412062731761352
      0.20655851631116934        36.25256031637789       11.662601424215067       3.1075343949966627       1.0732003412309497       1.6484555745910126      -0.7953504816692825        2.958123138498288       0.3322722051356272       0.4376435278813391
      0.21108879705460876       37.047658377860145       11.700065007899843        3.065456085443821        1.073980119100558       1.6388067047246269      -0.7860649617730914       2.9899354273873913      0.32871929957625656       0.4341291042546191
      0.21562929821802576       37.844550199281784       11.736565672108544       3.0230555945888025       1.0735937260996231        1.630148559055929       -0.777599465136215       3.0215505103153464       0.3252652545145612      0.43070335541276467
       0.2201802293635404        38.64327256035798       11.771847761143826        2.981525124017101       1.0722689475063254       1.6222303874667945      -0.7720148153210943        3.052654956039184       0.3219479125739308       0.4274046178941202
      0.22474180421436235       39.443862971106164       11.805706222809716       2.9420337580074385       1.0703125459746508       1.6145302401572443      -0.7692096009813554        3.082839639791429      0.31879970540937974      0.42426619935038706
      0.22931424089601335         40.2463597141824       11.838142389574468       2.9042932044356125       1.0677843574201729       1.6052814474058352      -0.7670850544544319       3.1118214581087367        0.315822836976955         0.42129145240608
       0.2338977618760218        41.05080183429727       11.869651080273313       2.8657695533910017       1.0651151378741373        1.593138540202737       -0.764318945643518        3.139649711345626      0.31300330221695105        0.418467456755082
       0.2384925942051451        41.85722918055227       11.900757923364106       2.8269427158468967       1.0620151287407116       1.5792061452552002       -0.760503302782011       3.1666733513336425      0.31031056362306086      0.41576451503062684
      0.24309896933645278        42.66568237468748       11.931355302089512        2.791289576634715       1.0582475472588335       1.5641324657930626      -0.7557922381523146       3.1933714335917864       0.3077066688293106       0.4131451715579089
      0.24771712360777182        43.47620289575436       11.961262419683626       2.7610087113480972       1.0542806466004675       1.5476271062634446      -0.7505778865600248       3.2206052398116602       0.3051192819375194       0.4105369393579255
       0.2523472979401582        44.28883302719526       11.990520751723558        2.736667026563775       1.0503729824173884       1.5315849880024233      -0.7455368150329132        3.249019827395683      0.30249720228579746      0.40788808745919464
      0.25698973813942527        45.10361590976385       12.019111102033357         2.71505912626199        1.045816593656859        1.519684269925451      -0.7391243915589294       3.2788273225011255      0.29980254544141194       0.4051599295021824
        0.261644695016755       45.920595562693364       12.046930723168293       2.6928876629568195       1.0411694594246723       1.5115510052898768      -0.7309792305533216       3.3084892791279072      0.29716331732827356      0.40248194068659077
      0.26631242426808677       46.739816862528365       12.074162482415291       2.6705061086264004       1.0368498937183932        1.506036292674944      -0.7214638618218194        3.336413596544417       0.2947087630362056       0.3999859967246833
      0.27099318683595097       47.561325606629296       12.101365304248056       2.6493641773579326       1.0330723150623742       1.5026222886034268      -0.7116928038902746        3.363012963263256      0.29239663923185205       0.3976301274997105
       0.2756872489094694       48.385168513172516       12.128660226380038        2.628316845124294       1.0294710369719917       1.5011488071920964      -0.7023600527498743       3.3887193703459086       0.2901912536089659       0.3953786725483094
       0.2803948819846605       49.211393231734334       12.156181443331487         2.60776235413246       1.0268238572443331       1.5010445908203922      -0.6938308123289014       3.4145125971885015      0.28800881676499585      0.39314643075833516
      0.28511636286443987        50.04004834329107       12.183987535334037       2.5875019533605954       1.0250468918389308        1.500729509527454      -0.6857802605960138       3.4411664252910574       0.2857782064465505       0.3908605417965361
      0.28985197414106484       50.871183444891734       12.211596316517511       2.5641889625311554        1.023640093673778       1.4985512210795133      -0.6780026144867913        3.468321252822078      0.28352614844048013      0.38854814391841597
       0.2946020037739954        51.70484907556942       12.238514828540461       2.5360248507873924         1.02179917447976       1.4933590839131619      -0.6702801380788996        3.495393869820468       0.2813176674415973      0.38627602697337804
      0.29936674569295046        52.54109682218218       12.264860070388059       2.5057379944234075        1.018435150764404       1.4842810768302088      -0.6625237870853753       3.5221625952878854       0.2791769467189848       0.3840693627977088
       0.3041464995566852       53.379979277076714       12.291304099822923       2.4766210696009914       1.0143782660140017       1.4708377594796591      -0.6550719344841728       3.5492283012149883      0.27706005419098323       0.3818830971482231
      0.30894157111482534       54.221550101592854       12.317911094805394        2.449296168392122        1.010153862018565       1.4565843686464384      -0.6481038018352714       3.5761244331990745       0.2750027120757365      0.37975432843540785
      0.31375227202694955       55.065863994311336       12.344144340542943       2.4237824371466763       1.0056284357089216       1.4452700634547513      -0.6413754722431929         3.60208757615685      0.27305586793588976       0.3777362246980587
      0.31857892028472956        55.91297676514241        12.36982724154545        2.400170887743962       1.0011931047421194       1.4364379582238298      -0.6338301211528549       3.6273752012705827      0.27118736757058004       0.3757959467130792
      0.32342184021192993        56.76294533532587       12.395320906252852       2.3778743065062184       0.9969581436571485       1.4303405982399544      -0.6262016866360737       3.6528309116530724      0.26932504109811434       0.3738587513074719
       0.3282813625247137        57.61582774801509       12.420955538302543        2.357373967678406       0.9923610573793397        1.427046581542219      -0.6196100195528831       3.6793525376515768       0.2674044991066548        0.371857489144109
       0.3331578244522535       58.471683189445265       12.446436424109823        2.338316926700459       0.9875473133468162        1.424111935362814      -0.6147383561094308       3.7069649298963654          0.2654311289879      0.36979743181619695
      0.33805156997795466        59.33057203126976       12.471447228040002       2.3194423306376044       0.9826427819971523       1.4193523187402393      -0.6105357108920426       3.7348242862345455       0.2634681718370276       0.3677444427084486
      0.34296294989976017        60.19255584114414       12.495836815285548       2.2992691429961125       0.9784347132218703       1.4115003318642967       -0.606225885114317       3.7620759978606726        0.261566500587461       0.3657519006207708
       0.3478923218301512        61.05769738272626       12.519483948553903        2.276094086223964       0.9743912789734215        1.403481998800668      -0.6021675618119176        3.788367927910437       0.2597516695610113      0.36384696845012066
      0.35284005067859203        61.92606070034894       12.542646320245371        2.250367063963894       0.9701928863427022       1.3984765581846146      -0.5981814497927339       3.8146387630034724      0.25796352980501586       0.3619667956641564
      0.35780650828969646        62.79771105551544        12.56552514254338       2.2246968902877535       0.9651607327962355       1.3962036480675015      -0.5944253619420647       3.8414934994266643       0.2561725600193182      0.36008037835192547
      0.36279207404628366       63.672715032740335       12.588221343759972       2.2022472051309876       0.9600189474912169        1.395908869794281       -0.590708438248097       3.8688031520913624       0.2543920648544165       0.3582017228193575
       0.3677971346281563         64.5511404972132       12.610691581057637       2.1822332935727666       0.9558775904527663       1.3943771294289211      -0.5876503006731908       3.8977914259013104       0.2525350184937484      0.35623878999174496
       0.3728220844342395        65.43305666888716       12.632767399439208        2.164977944683422       0.9527890110649966        1.389066496946939      -0.5857189780774628        3.929392277161882      0.25054109966493565       0.3541271583219614
      0.37786732558258135        66.31853412247906       12.654414223800039        2.151052064992396        0.950596837376472       1.3804812324480755      -0.5850634620643295       3.9620658133072726      0.24851620973476896      0.35197842286604375
      0.38293326803096367        67.20764480863744       12.675644619288821        2.137911434456064       0.9481223068732606        1.368100972671967      -0.5841080778755964       3.9944399607853667       0.2465473446546771       0.3498849379428706
       0.3880203298784306         68.1004621068631       12.696390987038358        2.123456103122704       0.9444165156846923        1.350642746942962      -0.5821458230132092        4.026763131660949      0.24460811030773186       0.3478188696796889
        0.393128937304983        68.99706081492505       12.716699079248812         2.10745566295853       0.9401917545604404       1.3309146872244544      -0.5800923286822223         4.05905792834593      0.24268875434868095        0.345769943864344
       0.3982595248128006        69.89751719119673       12.736849077290868       2.0903059863215137       0.9359670154957018        1.313120736783637      -0.5778490423825354        4.090929914076044      0.24080019690035576       0.3437499378190277
       0.4034125354071594        70.80190898640843       12.757265675725517       2.0709896718696115       0.9313852221676705       1.2999018649034702      -0.5743695832332111        4.122657623587312       0.2389402852561314      0.34175669676374626
       0.4085884207170427        71.71031546481542          12.778045696002        2.048794841845722       0.9260109551685743       1.2906124826058265      -0.5683389349919667        4.153364578694363      0.23717164193249018       0.3398576657029508
      0.41378764123636397        72.62281744653426       12.799350087135629        2.025081244208827       0.9196951494555803         1.28435758330882      -0.5600747688178745        4.183418729881007      0.23546983184635958        0.338027049964328
       0.4190106663239664        73.53949730754283       12.820772216422744        2.001270714418391       0.9135226854683494         1.28000585450787      -0.5511330048455614        4.214114061981296      0.23375453735086268       0.3361785790611139
       0.4242579743845402        74.46043901143268       12.841901664277843       1.9768935739301916       0.9081007128867968       1.2750666541889875      -0.5426157589786513        4.245374376513185      0.23203568064885427       0.3343228646036886
      0.42953005329076205        75.38572818349756       12.862610636686936       1.9531409546945941       0.9019608417775086        1.271784537481887      -0.5345252500350273        4.276528144459143      0.23034959406685535       0.3324991875376171
      0.43482740014207244        76.31545206839711       12.882802879056005       1.9302614529540276       0.8945851321741798       1.2707890293624282      -0.5270843685038903        4.306951336234582      0.22872877484883525      0.33074295542378035
       0.4401505218074265        77.24969962541361       12.902432507082723        1.909674162742732       0.8883215548301835        1.269082004690631      -0.5206213482528639        4.336679839152384      0.22718255917887756       0.3290646577388221
       0.4454999348046827        78.18856150728394       12.921391829389348        1.892014452087318       0.8833525523874932       1.2654573856002447      -0.5148334860994105        4.366188468880484        0.225679013985168       0.3274299348985033
       0.4508761656021312        79.13213011311987       12.939482469259884        1.876337545813827        0.879143297084575       1.2598512204207095      -0.5089438563251142        4.396035439570719       0.2241757637766631       0.3257928085309311
      0.45627975085971634        80.08049963074457       12.956921182559231       1.8609241722196057       0.8746812122078977        1.252070406911081      -0.5032192937477521        4.426009561557793      0.22268904837442027       0.3241709879254836
       0.4617112375496479        81.03376605786065        12.97378688879534       1.8478982871005798       0.8696809138733517       1.2423663576620423     -0.49787604032632504        4.455928595148627       0.2212348187430008       0.3225819843630258
       0.4671711830167066        81.99202721263434       12.990141120293492       1.8362149769857254       0.8641763380609806       1.2324274289645156     -0.49297926400067754        4.487395689361477      0.21971970250432502       0.3209236712601048
      0.47266015534007866        82.95538279720004       13.006586712936492         1.82329683436104       0.8575013504332188       1.2227720961861368      -0.4881989542109829        4.521036464431537       0.2181140655666877      0.31916315879807405
       0.4781787333936603        83.92393440824438       13.023337526301491       1.8077239297490584       0.8501754083925009        1.213742635940877     -0.48313404983878777        4.554719814510904      0.21652731595623706        0.317420169598442
       0.4837275070872815        84.89778557934255       13.040584040836507       1.7879689734738184       0.8434547872322469        1.206306839263332      -0.4773051502308953        4.587379978295788      0.21502164361903306      0.31576328603141857
      0.48930707766823345        85.87704183387883       13.058159706459934       1.7626360886939056       0.8367015719282549       1.1985620586484775      -0.4709310917840177        4.619650284872466        0.213554985626099       0.3141465438871516
      0.49491805760065755        86.86181066387837       13.075647932129229       1.7330651537650028       0.8310464097460103       1.1889944285790115      -0.4642259095047387        4.652243858993413      0.21209448244115825       0.3125338255901075
       0.5005610710479905        87.85220161467988       13.093017213243387        1.702371596822345       0.8269913769756984       1.1786065149399085      -0.4580839915318132        4.684674664096366      0.21065890260909065      0.31094592029048945
       0.5062367539332701        88.84832629551981       13.110320981199814       1.6754896610876766       0.8240610795294442       1.1689735235871048     -0.45384200723110857        4.717105529614183       0.2092253224387515         0.30935752488778
       0.5119457543009688        89.85029844303678       13.127441744600652       1.6531946196782166       0.8212987670846325       1.1611461758683725       -0.450499739841785        4.750292211390561      0.20776671051271672       0.3077385994023119
       0.5176887321963828         90.8582339001035       13.144281017482935       1.6324465976179552       0.8183634867544807       1.1530257346814872      -0.4473775312383816        4.785559863289707      0.20624477366356078      0.30604635688174275
       0.5234663602083827        91.87225071108354       13.160619362074975       1.6144668691584523        0.814178243325201       1.1420122452599937     -0.44480401869486613        4.823704234787785      0.20464339351128655       0.3042624070427337
       0.5292793234694133        92.89246912183133       13.176515187114699       1.5988205990834603       0.8082568455159121        1.128615217190383     -0.44256638897279255         4.86275318982366        0.203029405036997       0.3024608765714722
       0.5351283199570223        93.91901163261261        13.19203586683491       1.5812553279298502        0.802152280809095        1.114822847388135      -0.4401850688965727       4.8996453022834086      0.20151636811324547      0.30076877398888974
       0.5410140606144709        94.95200301927264       13.206977867317297        1.559495227648105       0.7952374202573115       1.1008265034613085     -0.43703534336716865        4.934520249480107       0.2000919911700817      0.29917291947677166
       0.5469372696522626        95.99157038615661       13.221714327128323       1.5366121036117781       0.7885421590112425       1.0867917530759026     -0.43296184627886386        4.970279054492824       0.1986497970974029      0.29755420658160114
       0.5528986847290603        97.03784319786196        13.23638248895812       1.5165651300113527       0.7809835718365943       1.0746140463934264      -0.4281033095016686        5.005887007272271      0.19724288353448552       0.2959722589734049
       0.5588990571929082         98.0909533215747        13.25099170308937       1.4989847285983535       0.7728224743800821       1.0665976892098425       -0.423378114325786        5.039967109317376       0.1959219356155353       0.2944844024610767
       0.5649391521415378        99.15103503765354       13.266003050285125        1.482094322409453        0.764730294888421       1.0608570606169614     -0.41906297450594254       5.0743295168177935      0.19461067830473452      0.29300497862102326
       0.5710197490254244       100.21822514547077       13.281539759668954        1.466357859349544        0.756786441440656       1.0546648097795572     -0.41499221481384696        5.111295997844239       0.1932167282302646       0.2914295212737267
        0.577141641346259       101.29266291049176       13.297248621927414         1.45075558351439       0.7494801509377224       1.0452096535584576     -0.41020472475960007        5.151300513802961       0.1917309236233568      0.28974711692917227
       0.5833056372600045       102.37449017011602       13.312943538022743       1.4346616279201108       0.7431607160138927       1.0337701720429444     -0.40467369969624073        5.193267333162494      0.19019341411855173      0.28800273088060374
       0.5895125597578125       103.46385136542928       13.328553130689452       1.4182607122509512       0.7376788703846385       1.0228025944064183      -0.3991831603981901        5.236825642764994      0.18861866424869017       0.2862124351340994
        0.595763246666024       104.56089354120363        13.34396618735818       1.4010531937789534       0.7318522692561539       1.0126906031316765      -0.3942525867689695        5.280970208768729      0.18706559616151425       0.2844431252869708
       0.6020585512492248       105.66576645173838       13.359458158537326       1.3817276441570294       0.7267374113265055        1.001928666581618     -0.38970432036699104       5.3258799639282985      0.18552680645288142       0.2826864563473009
       0.6083993420896354       106.77862253969184       13.374640853703191       1.3617674093522052       0.7215150386804139       0.9899301171771767     -0.38468676247608785        5.368194568485031      0.18410186407091547      0.28105650369204804
        0.614786503448944       107.89961699958599       13.389162237636699       1.3440520375154228       0.7157148459150051       0.9779581049207096     -0.37887386754453195        5.406377866153481      0.18283364772581423      0.27960317133582613
       0.6212209355698348        109.0289078307267       13.403048489175278       1.3270237504390805       0.7102841136152377       0.9666607181404244      -0.3722661032635993        5.442914927938172      0.18162249149922852      0.27821287345502094
       0.6277035548569055       110.16665586895628       13.416982951922204           1.305783542493        0.704390826335008       0.9532940638387205      -0.3657140352951722        5.478820101159372      0.18044548385209797       0.2768595526529144
       0.6342352940575838       111.31302481840557       13.431477370130567        1.282447037039504       0.6969885843683151       0.9355129314547259       -0.359893362525937        5.513595852153417      0.17932488300303423       0.2755690360932727
       0.6408171025636555       112.46818130441443       13.446026898475383       1.2609819909272377       0.6900540365068026       0.9168650705948753     -0.35660903521557896        5.549402668013287       0.1782007634452411       0.2742724400569089
       0.6474499467127931        113.6322949264522       13.460179063866427         1.24310325500553        0.683865858894264       0.9000879570986582      -0.3537331297730177        5.586047975680555       0.1770749208219121      0.27297180545145466
       0.6541348098488614       114.80553826870187        13.47396723351397       1.2278409625145685       0.6779919527998524       0.8859096363941426     -0.34970716120836187        5.622397794225201      0.17597018273154633      0.27169354084505803
       0.6608726927440567       115.98808697414853        13.48756036312963       1.2126403562284935        0.671212448414924        0.875882237587741      -0.3437122159386252        5.660175661029902      0.17481918481312977        0.270359614227455
       0.6676646137798241       117.18011977633186       13.501113450524876       1.1964345585642808       0.6639592749264113        0.867643021644921     -0.33821516868725504        5.697861910324429      0.17366377781453943        0.269018367679389
       0.6745116090674685       118.38181852051412       13.514407944312193       1.1795442566328238       0.6566841091244847        0.856769586111046     -0.33304497044601816        5.735941873433665      0.17250511817151792       0.2676711031204995
       0.6814147329306001       119.59336824835302       13.527151050343063       1.1646739663352945        0.650598546059297       0.8435631000617864     -0.32880876417339233        5.777936756729057      0.17124875920185045       0.2662076766449633
       0.6883750579654396       120.81495720848572       13.539032114242053       1.1499025963595768       0.6433821787221656       0.8316539840954567     -0.32374309939393525        5.823310970309297      0.16991271707839958       0.2646484858434855
       0.6953936752217358       122.04677688828117       13.550987465215579       1.1334446399424045       0.6354430229578709       0.8221880672883827     -0.31937180920197755        5.869787448987069      0.16857672304313887       0.2630862832562486
       0.7024716947455154       123.28902210909682       13.563631994164762        1.116788368293356       0.6276700432563649       0.8150323335349176      -0.3155230433273084        5.917793006969993      0.16722519212982154      0.26150276045849696
       0.7096102455187785       124.54189101569466       13.576644057747561       1.1008958418923116       0.6197529842949029       0.8063558250310078      -0.3130948501870159       5.9669903219761755      0.16586974562014867        0.259911433162374
       0.7168104759419432        125.8055851609139       13.589266980851631       1.0835299981933417       0.6123597498033453         0.79221122806718      -0.3107149031791147        6.014006875485757      0.16461096202132586       0.2584306766948675
        0.724073553713234        127.0803094845027       13.601516158870162        1.062461749077235       0.6060394267950213       0.7752803366114818     -0.30857878880730905        6.059930761282161      0.16339358291968253      0.25699593093279566
       0.7314006666729616        128.3662724612956       13.613635140771722       1.0417283785391271       0.5999612418593931        0.760434035560839     -0.30696403863637073        6.108022719562701       0.1621229529656653        0.255495572814969
       0.7387930223210767       129.66368601654062       13.625914479774412       1.0202439066862798       0.5931731231471885       0.7487700952562693     -0.30546007679330717       6.1592400070797915      0.16079099308615197      0.25391963676519175
        0.746251848721756        130.9727656846608       13.638197885373962       0.9978292587316768       0.5864945740946738       0.7340607884436894      -0.3036568017425153        6.212303551623718      0.15943259595203238      0.25230905567476947
       0.7537783942018729       132.29373055633354       13.650320240362007       0.9747961019547565       0.5784849376126259       0.7162164621387175     -0.30111002750614296          6.2664893589835      0.15805748903366604       0.2506751645566795
         0.76137392801436       133.62680339491584       13.662378442314582       0.9553787076056842       0.5704905534507737       0.7009042778057146      -0.2975778976869881        6.322474707254498       0.1566724043184586       0.2490258213406698
       0.7690397403382092        134.9722106364441       13.674380496042454        0.940748568483727       0.5635922468370993       0.6876943385135986      -0.2937871419234859        6.379458399174502      0.15529435312487838      0.24738123198311263
       0.7767771425196941        136.3301824319705       13.686719714418405        0.928435435043602       0.5571666306713224       0.6751529298046213     -0.28942503948306963        6.436933708430872      0.15393731624958112      0.24575815224675238
       0.7845874674945098        137.7009527216519       13.699192742186824       0.9188647397944888        0.550546202860179       0.6611254702387375       -0.285153120503344        6.489109367230706      0.15271127310070365      0.24428866901083474
       0.7924720696068551       139.08475920299708       13.711265961886301       0.9034950048855481       0.5437976114670112       0.6455749000225939      -0.2797259458866476        6.535421141658507      0.15163659347213254       0.2429981764794379
       0.8004323254537131        140.4818434790445       13.723367675615572        0.883545305464241        0.537631918968063       0.6320417430603281     -0.27358411692871554        6.581645715411304      0.15056851416657294       0.2417133422584267
       0.8084696335230157       141.89245099485743       13.735670384027555       0.8618768696267468       0.5325266902139176       0.6215966824622443     -0.26700379387779927        6.630476282466974      0.14944083791379734       0.2403543411262159
       0.8165854147363956       143.31683113278092       13.747271880574377       0.8368509596153716       0.5274427984259165       0.6122592630638701     -0.25975276142152093        6.676214733795654      0.14839716317239757      0.23909428704332714
       0.8247811125094908       144.75523722302586       13.758118734120545         0.80372182934676       0.5229934881125036       0.6057478859006057      -0.2512866159358555        6.720498494087008      0.14741651716418155       0.2379083088271493
       0.8330581932946973        146.2079266389258         13.7685186993657       0.7712606486280192       0.5178060811702611       0.5966326622471749     -0.24378216177799641        6.766990185007133      0.14639770901078836      0.23667408694726497
       0.8414181462193328        147.6751607334323       13.778947312997921       0.7448515869947492       0.5134108765978334       0.5826003275192719      -0.2383005342082569       6.8163146498610105      0.14534466844721305      0.23539613572324555
       0.8498624838696119       149.15720497670833       13.789484310840773       0.7236512930270187       0.5093706489038133       0.5655090231900869     -0.23281778650786522        6.870881683349157      0.14419571815870547       0.2339991464560392
       0.8583927420494231        150.6543289137917       13.799497759454079       0.7047914730594268       0.5039707116746202       0.5466524623399348     -0.22695070885551846        6.926610428863512      0.14303075616400004       0.2325798445862668
       0.8670104803833846       152.16680627043607       13.809456478362305        0.689253788513779      0.49718628584908564         0.52848545826504      -0.2197826185905097        6.983552527722243      0.14186249966335027      0.23115362365182632
       0.8757172820756224       153.69491491077454        13.82005767764754       0.6742475125330731       0.4887091897237521       0.5147521272759632     -0.21155558568361962        7.044885506937339       0.1406545665222808      0.22967587388084879
        0.884514754452521       155.23893693257654       13.831023258177606       0.6585611388757125      0.47847377220328724       0.5019366253731258     -0.20296606789089455        7.106735808651018      0.13947159010311708      0.22822557725112758
       0.8934045289627236        156.7991586672477       13.841779993063858       0.6446366902146019       0.4679936436284527       0.4878232342383152     -0.19540702043231498        7.172632739003589      0.13824399559210976      0.22671732466452355
       0.9023882614183538       158.37587072216638       13.851401828367424       0.6298348645906066       0.4567431784247696       0.4749221598662554     -0.18955204691935862        7.241187011757073      0.13698079468906513      0.22516182551173178
        0.911467632115628        159.9693680018517       13.860519585149953       0.6125052278138857       0.4441916121020191      0.46681047503389833     -0.18437692353748583        7.310085342332399      0.13572930166296324      0.22361720297061752
        0.920644345955466       161.57994972913184       13.869681651642502       0.5957323987053802      0.43139061376598853       0.4622997899784481     -0.17784803387923648        7.380396967692192      0.13449471420012002       0.2220899530510961
       0.9299201327450192       163.20791949806437       13.878978151147258       0.5768621697737767      0.41899734473201883       0.4562417739195538     -0.17150589812408912        7.448526460323474      0.13332753137944253      0.22064286013728673
        0.939296747257977       164.85358528452045        13.88821749034795       0.5574043007579023       0.4074795680191447       0.4466196810766533     -0.16745890340199573        7.515870046869832      0.13216840269202249      0.21920261512726263
       0.9487759692345656        166.5172594461848       13.897094750445797       0.5408940033108031       0.3968165002477451      0.43267201368533253      -0.1652986479669379        7.584058606311757      0.13100716104275517      0.21775657476211052
        0.958359603803689       168.19925879664433       13.905368942205966       0.5273005111820409      0.38581601479693445      0.41813274054604854     -0.16267068236145935        7.649811209026187      0.12991489034617248       0.2163934935079426
       0.9680494812417049        169.8999045630517       13.913345282201336       0.5099117343901165      0.37312353777742036       0.4046905524827153     -0.15663766879869484        7.709067219509118      0.12895073010184369      0.21518790332724475
       0.9778474575151764        171.6195224813823       13.921283587260294      0.48498644731325413      0.36135386043769924       0.3903836669156834     -0.14952032822970399        7.768212673595982       0.1279933049867171       0.2139885027402716
       0.9877554138587328       173.35844272234547        13.92913395263335       0.4617867934992912       0.3510157266638637       0.3752603313864353     -0.14357461290277188        7.835193001914618      0.12691750939478083      0.21263813560255332
        0.997775257317819       175.11699998664136        13.93667340480338       0.4393641611932063       0.3407594203178235       0.3573654577271728     -0.13780299905439478        7.904721740476272       0.1258071801459716       0.2112414165372185
       1.0079089205677805       176.89553347320873         13.9445024440053       0.4165214572518441       0.3304942892231113      0.34089042492438093        -0.13255770117532        7.972514053146211      0.12475200314472921       0.2099112166735691
       1.0181583620344727       178.69438690039303       13.952758055608504       0.3963677212102865       0.3200123370016055      0.32485689472668283     -0.12579611113534786        8.037782504629039      0.12374408219113425      0.20863796070585305
       1.0285255660148738       180.51390852711455       13.960958618393772       0.3751747045050714      0.30941477748533974      0.30876672189585114     -0.11769027361165973        8.102603356698683      0.12275455078971276      0.20738541068496605
       1.0390125425564727       182.35445113170044       13.968712043266263      0.35077093180292895       0.3002603273540479       0.2950817958143846     -0.10947450211202828        8.168438705386782      0.12174821215344367       0.2061089943614671
       1.0496213276984918       184.21637205422084       13.975826825047234       0.3297406910571013       0.2920643540279818      0.28248208589653995     -0.10224410439288413        8.237545308740845      0.12072024156674828      0.20480241423980713
        1.060353983230664       186.10003315415267       13.982249475543496      0.30984849092426076       0.2854200670767456       0.2693861638241091     -0.09547669493801929        8.305091975735207      0.11975591332558505      0.20357419468704713
       1.0712125968741508       188.00580084213183       13.989054294686756      0.28891760180188986       0.2777958052761428      0.25414413142385756     -0.08947365467126989        8.374805157715917      0.11877342849008549      0.20232030436765344
       1.0821992822815405       189.93404607995322       13.996870147172197      0.26547631143697187       0.2681248826862381      0.23979112525703944     -0.08185205647988633         8.44838985857088      0.11773463130327085      0.20099172202203466
       1.0933161787353218       191.88514432765032       14.004933074985923      0.24579816284283892      0.25653014655993145      0.22783686734817285     -0.07294614194576214         8.52316711069661      0.11670564871728664      0.19967279986182915
       1.1045654515097165       193.85947560699964       14.012042278924907      0.23004734528345852      0.24563851211861143      0.21434020358098987     -0.06668900062957565        8.601298089175012      0.11566150505275641       0.1983314693860271
       1.1159492913882345       195.85742441684812       14.018291214454896      0.21540975375507232      0.23377028805715527      0.19705311730638675      -0.0628303914498119        8.680281690985016      0.11463120555422567      0.19700495288835373
        1.127469914904897       197.87937977544934       14.024085149952576      0.19907087182648456      0.21973089966097636      0.17920440048404163     -0.05803361844221835        8.758512372616913       0.1136265935894093      0.19570863611548212
       1.1391295639824022        199.9257351569592       14.029431930928103      0.18351961862502492      0.20705179082112915      0.16503112948589385     -0.05192479652115731        8.838634758222652      0.11259914628351382      0.19437988610096757
       1.1509305059924302       201.99688850201974       14.034742683484227      0.17037551678141905      0.19649664818730006      0.15460618095159018    -0.047603370925481996        8.918184918688622      0.11161958573640368       0.1931102405181229
       1.1628750335144222       204.09324217542303        14.03944382270124       0.1584738701499383      0.18450258774768474      0.14498848927487953     -0.04502959955915042         8.99231255995135      0.11071947891647425      0.19194112010969286
        1.174965464275273       206.21520295552682       14.043251497877185      0.14863451057629562       0.1730259155567393       0.1349742163779085     -0.04258626070654056        9.064921239652337      0.10985292651988603      0.19081333555039234
        1.187204140787498       208.36318197075025       14.046401423598102      0.13989593870545305       0.1636088608691609      0.12606033582108417    -0.041621662070881915        9.136432748935876      0.10900754497726775      0.18971095884180864
       1.1995934304095395        210.5375947101578       14.049754862052952       0.1301495472599076      0.15558159466585603      0.11356800144521456    -0.039930036813160576        9.205962622011572       0.1082041724180537      0.18866137955156198
       1.2121357248030145       212.73886092820254        14.05354213573656      0.11946684802260613      0.14730284965507512      0.10266727094126615     -0.03651593683571871         9.27334629339235      0.10743857501765215      0.18765933787844122
       1.2248334399327154         214.967404644726       14.056936019479672       0.1089716575124853       0.1379381773686648      0.09499252642459917     -0.03315168637831844        9.335210891604545       0.1067517785617312      0.18675891387612217
       1.2376890157650817       217.22365409203786       14.059743164559809      0.10005756175439771      0.12923086169679138       0.0890213278474568     -0.02972805096064802        9.390470091553698      0.10613382493801082       0.1859475077861634
       1.2507049159063666       219.50804165141133       14.062753085983333      0.09119428287023097      0.12027667683065389      0.08330595124718165     -0.02586242268843697         9.44690935358378       0.1055173490352831      0.18513686431552334
       1.2638836271201908       221.82100376841052       14.065540608805541      0.08270531717008252      0.11167049892150271      0.07568081875499641      -0.0217815992984011        9.507669899779232      0.10486372847413335       0.1842760826315498
        1.277227659508461        224.1629809846426       14.067801406953723      0.07596232199046922      0.10488723281169417      0.06650784070771959    -0.018452238063453856        9.569875936577512        0.104201335320749      0.18340237836217996
        1.290739545546477       226.53441776841228       14.069692220803486      0.06963006161601229        0.099504899817359      0.05759716171344818     -0.01581530989681161        9.628969776017723       0.1035962142234873      0.18260300229182713
       1.3044218400829348       228.93576251472214       14.071684041018877      0.06235471922703337      0.09332531842204596     0.050880903665259436    -0.014089926315398982        9.683558821507045      0.10304090453524398      0.18186840031663173
        1.318277119736868       231.36746743943132       14.073252520067026      0.05670281644932928      0.08661061243103693      0.04620548157920932    -0.012486975003403485        9.736433487044804      0.10251757212485785      0.18117519371012425
       1.3323079825961197       233.82998852633528       14.074483272120661     0.052763605752398815      0.08025255580641581      0.04041582569858897    -0.010908939792525474        9.785309326809504      0.10201655072350153      0.18051071092783466
        1.346517047493676       236.32378540015677       14.075435208726738     0.048272088461587676      0.07485619525348008      0.03508946729339377    -0.009781035032381083        9.832154423516199      0.10154963914638587      0.17989073173875278
       1.3609069539473602        238.8493213159616       14.076261756622875      0.04425617761932985      0.06906798357401299      0.03117130621827094    -0.008726269511366054        9.870939424140527      0.10115189225904038       0.1793620292172987
       1.3754803611346342       241.40706297922907       14.076972924907034      0.04072114694638038        0.063631216541396     0.027810838446924797    -0.007487033995575153        9.907871357052644      0.10078329974920494      0.17887161580358582
       1.3902399477116854       243.99748051409986       14.077860105449561      0.03625845419917956       0.0593548032431975     0.024728795077327573    -0.006244071348301608        9.943485960357936      0.10043959421794676      0.17841391043976185
       1.4051884110294508       246.62104732578277       14.078744855097952      0.03256019835885346      0.05510883344291012      0.02189938057549742    -0.005045017429501287        9.970907662668637      0.10019116736698722      0.17808284187135096
        1.420328466530561        249.2782399947138       14.079184031029822     0.029212630472396268      0.05055451286302769     0.019743725651387774    -0.003939311797297147        9.990542563321057      0.10000720132659942      0.17783754539555113
       1.4356628472065902       251.96953818129936       14.079348954032293     0.026535603164822487      0.04626857790448448     0.017751841612677552    -0.003475680221644826        10.00633181863037      0.09985616470080087      0.17763607197923456
       1.4511943030553043       254.69542453065932        14.07956731951076      0.02489893505172225      0.04179418650127631     0.016047934720577216   -0.0027363370099128125       10.023031123461172      0.09970324395224896      0.17743200762991287
        1.466925599814243        257.4563844503614        14.07986280495946     0.023273984949628453     0.037769230069610395     0.014235515855074734   -0.0017116279549109648       10.040772406818853      0.09951848227545913       0.1771853488936811
        1.482859519021025        260.2529061210049       14.080014880939062      0.02213876007557616     0.034498782721714145     0.013023248923180594   -0.0010801540378991112        10.05742879611296      0.09936399303009326      0.17697901627095874
       1.4989988566263193         263.085480252787       14.080196504517756      0.02130136414998038      0.03138799144049633     0.012098866684716584   -0.0009527465459416054       10.072831898613229      0.09922012531089014      0.17678679740773803
       1.5153464223304807        265.9545999690774       14.080279473912137     0.020445437260566864     0.028985158596402227      0.01083670991824026   -0.0009492775184375876       10.089596220560804      0.09906873601908758       0.1765844538633426
       1.5319050391011073       268.86076072174575       14.080356942045976     0.019463647992173864     0.026773682036415714      0.00985443362393089   -0.0009927396594487936       10.100073651318636      0.09895922082072416      0.17643803010946832
        1.548677541906621       271.80446006889593       14.080392951565917      0.01813007166809771      0.02477683718661541      0.00927635012767915   -0.0008870183859059513        10.10632012751521      0.09889009695050724        0.176345589420868
       1.5656667769322927        274.7861975372725       14.080457875250598      0.01717143692691382      0.02311623038148886     0.008314373413517064   -0.0005116576014066229       10.112630877199699      0.09883187371066281      0.17626771382192213
        1.582875600796271        277.8064744846678       14.080527351224111      0.01654436305390769     0.021595810543708512     0.007630321119159911   -8.599193070049555e-05       10.119494994775655      0.09877051837242119      0.17618563652037464
       1.6003068794640791        280.8657939094081       14.080513607622278     0.015894062273980096     0.020451352765215758     0.007341224578165902   0.00011750849775835698       10.125765509146488      0.09871972255969869      0.17611767544109258
       1.6179634873440307       283.96466029159257       14.080527196956528     0.015306351001460262     0.019475009883137908     0.006927156801573537   0.00024853649168895273        10.12889117857712      0.09869357830919241      0.17608269294000584
       1.6358483061414237        287.1035793919953       14.080610151295165     0.014918073843784152     0.018587495356396394     0.006692227004466441    0.0005097155814400494       10.133266705283543      0.09868115643288056      0.17606607094784726
        1.653964224074564         290.283058114472       14.080838109017117     0.014759335161931652     0.017695507486847027     0.006692044330207619    0.0007766344230744881       10.136061628754652      0.09865813451014166      0.17603526341190276
        1.672314134487739        293.5036042625264       14.080937119886807     0.014701505984289761     0.016703579673629183    0.0065095751107173624    0.0009619736046588478       10.139167170065628      0.09864560100835673      0.17601849054260846
       1.6909009349466304        296.7657263805482       14.080931985353724     0.014501646104905154       0.0160683818332445     0.006236916462666959    0.0010718651228285021       10.141138755096545      0.09862836672930797      0.17599542602169077
       1.7097275259718967       300.06993353154786        14.08074175318576     0.014210502900182848      0.01558336671425744      0.00614724098705785    0.0012345585906659887         10.1427244663948      0.09861262796838384      0.17597436206249398
       1.7287968099536715        303.4167351066425        14.08049520282194     0.014017306995840799     0.015289777617569472    0.0061131787097059775    0.0014109280300258933       10.144095795745644      0.09861135812443371      0.17597266253113072
       1.7481116900057565       306.80664062395834       14.080451669051168     0.013888153928187746     0.014937607883298192     0.006084097960037351    0.0014874390088971427       10.144242629426813      0.09860768149920414      0.17596774178550054
       1.7676750685785911        310.2401594851968        14.08040008903964     0.013862305053418254      0.01480064751259622     0.006085528156574524    0.0016100194370035658       10.146309190101062      0.09860966222145429      0.17597039276315027
        1.787489846253139         313.717800763952       14.080550287473084     0.013800372425973362     0.014462488872255425     0.006145643531581106    0.0016844571624283844       10.147527054685174      0.09861038173573206      0.17597135575013137
       1.8075589206553884        317.2400730151982       14.080768082940573     0.013720698630756874     0.013942968415214634     0.006205821409006074    0.0017011470073938365       10.149974518451584      0.09861681675060675      0.17597996819819578
        1.827885184707486       320.80748396835025       14.080952602082549     0.013746408087598281     0.013240139330392397     0.006257085465638221    0.0017221844732151239       10.150450298703174      0.09861535379790744      0.17597801023461976
       1.8484715257834603       324.42054037908673       14.080997107475707     0.013877173622583883      0.01248845421951212     0.006305271235352463    0.0017580812191465944       10.151078696638155       0.0986142171864686      0.17597648902950397
        1.869320823960355        328.0797477224111       14.080960039604134      0.01397618056306917     0.012118944654881907     0.006365203745331648    0.0018645754859040915       10.151800693441581        0.098613894934209      0.17597605773638514
       1.8904359508121193        331.7856099809704        14.08092707850807     0.014010498380411972     0.011714155390472245     0.006417533038834254    0.0019945987966115504       10.152397297884386      0.09861331886608643       0.1759752867425666
       1.9118197680225757       335.53862940162037       14.080829660710423     0.014144451356021343     0.011654352222651983     0.006512375995075834    0.0022074331299705525       10.155035080701534      0.09862087481090707        0.175985399322974
       1.9334751256968623       339.33930619907164       14.080723994200397     0.014384047916793886     0.011763961042866122     0.006639231746887378     0.002363933084129292       10.156579798304973      0.09862400258917217      0.17598958536213063
       1.9554048613362378        343.1881383759597       14.080681864866198     0.014608805132196898      0.01196689782911853     0.006816410584439168     0.002530030619067224       10.160152170193124      0.09863491370206597      0.17600418791041594
       1.9776117977876893        347.0856213629861       14.080973244333272     0.014782348569818426     0.012165575261657418     0.006996771691743858     0.002805745803491751       10.162987586157685      0.09864345626471548       0.1760156203013574
       2.0000987422187344       351.03224783898884       14.081287774600614     0.014969808112285207     0.012512309198756427     0.007192376474751269     0.003060269327105859          10.166474390514      0.09865455488123766      0.17603047305342287
       2.0228684843685603        355.0285074240036       14.081495282987527      0.01525276067791172     0.012973554425137085     0.007398042689415242    0.0033986424527179173       10.168261896107662      0.09865886583679483      0.17603624208812685
        2.045923795160992        359.0748864358298       14.081612356103385     0.015603584322646127     0.013330519184803977     0.007592757484901437    0.0036333772164774845       10.168476608155856        0.098656845844118       0.1760335388883667
        2.069267424774713        363.1718675513397       14.081542893218026      0.01587483953260848     0.013512483446777917     0.007846199351094088    0.0037045315054844334       10.169026516010277      0.09865582591769173      0.17603217399456206
       2.0929021015577622       367.31992961596467       14.081619174979746       0.0159058751845933      0.01331573845325902     0.008114724649135192     0.003841132952083265        10.16577058514911      0.09863962357268811      0.17601049109436298
       2.1168305301580594       371.51954731558845        14.08172758705467     0.015750170418796203     0.013506777812753931     0.008386864641145913     0.004015285802026175       10.164665024275136      0.09863195302838101      0.17600022562487816
       2.1410553899554596       375.77119090136085       14.081825323597956     0.015509037001347965     0.013864138391890017      0.00868366937056261     0.004240758706564766       10.163629725380183      0.09862490459835176      0.17599079255335073
       2.1655793334938047       380.07532591451127       14.082048395001227     0.015332960855885492     0.013956688806601879     0.008938290365379188      0.00454516155494989       10.163232704344411      0.09862039006557027       0.1759847505646286
       2.1904049847923663       384.43241288999417       14.082240182741259     0.015259674573920263     0.014033961923887582     0.009203015076579526     0.004790315384606733       10.164057627352422      0.09862077430639189      0.17598526481294105
       2.2155349378985094         388.842907102471       14.082241098081084      0.01529677406837268     0.014207091354235455     0.009471862594817887      0.00506543038915843       10.163813817425003      0.09861709182312343      0.17598033634460417
       2.2409717550182187        393.3072582382032       14.082208033101006     0.015441006418104464     0.014661035919437279     0.009797880876536312     0.005145661143768181       10.164013374602504      0.09861569062229293      0.17597846102897557
       2.2667179650687608       397.82591014103417       14.082177852834112     0.015537557585642221     0.015148509301039876     0.010148510742274143     0.005332331299113386        10.16354022344811      0.09861197932624906       0.1759734939347343
       2.2927760619298243        402.3993005054509        14.08193368582732     0.015525987889579384     0.015241114347123616     0.010459007251978226     0.005522258318255405       10.164357204531774      0.09861291843479043      0.17597475081560937
       2.3191485029961796       407.02786062256513       14.081836397653763      0.01554651233142582     0.015203746491644311     0.010732314890332743    0.0057285270960757235        10.16414486229971      0.09860976597849609      0.17597053163010748
        2.345837707308207        411.7120150520071       14.081672278675217     0.015730770743194695     0.015431855868980259       0.0109534244915203    0.0059017961181758545       10.165730627694552      0.09861371119359734       0.1759758118230985
       2.3728460539236447        416.4521813361548       14.081445656248231      0.01588658202400866     0.015833135428329023     0.011205849966172179    0.0060167101920467776       10.167224514906987      0.09861779157290573      0.17598127286146864
       2.4001758807114726        421.2487697884525       14.081303118735127     0.015888782062533496      0.01620829905059213     0.011476489447988396     0.006150010949209588       10.166580476579702      0.09861372076443763      0.17597582463244582
        2.427829482241218       426.10218312296706       14.080940577187867       0.0158240776223469     0.016646938044811696     0.011738290128653147     0.006270286409908849       10.168276646550913      0.09861856892548765         0.17598231323684
        2.455809108395924        431.0128162109543       14.080695474337695     0.015821170859039897     0.016707197221665082     0.012112016033404381     0.006534821678903074       10.167100522826392      0.09861214698735409      0.17597371832864958
        2.484116962804204       435.98105580567267       14.080253073049267     0.016006582740625726     0.016778007051285626     0.012511222652152853      0.00650676509864747        10.16617185000661      0.09860672232710994      0.17596645803495958
       2.5127552013325984       441.00728027778024       14.080086850547794     0.016087392304903844     0.016841581390027328     0.012883600326683457     0.006350301931286315         10.1640664280692      0.09859671218322003      0.17595306032832267
        2.541725930397019        446.0918593189812       14.080225919973113      0.01603313915446738      0.01695562586456637     0.013197903305157768     0.006344846842633542       10.161390673648118      0.09858451588054506      0.17593673617879166
       2.5710312054551054        451.2351536774229        14.08016238952613     0.016043517155609293     0.017225615479614688     0.013440349090497575     0.006495540467428734       10.161559606880566      0.09858383342247395      0.17593582272741112
       2.6006730295588922       456.43751490367794       14.080447986602863      0.01595919582838364      0.01764217968672797     0.013627066359056942     0.006652042625800247       10.159501022185577      0.09857478399165319      0.17592371016338426
       2.6306533518471653        461.6992850861417       14.080462011345471     0.015934465079967552     0.018375530572804607     0.013795720835977538    0.0068657368212655945       10.162021611963622       0.0985831923009379      0.17593496460240707
         2.66097406621874       467.02079661818277       14.080316541908665     0.015865169166088523      0.01937247965247678     0.014017883378438824     0.007120779109368346       10.164445515295476      0.09859116448741609      0.17594563507372887
        2.691637009523289       472.40237188061957        14.08053731817854      0.01588813063931242      0.02029358706369395      0.01418193754236804     0.007478512473347546       10.164386724604958      0.09858985836471854      0.17594388689247004
        2.722643960596454        477.8443230723754       14.080683865342237     0.016077340216455172     0.021257642104847863     0.014347175194396556     0.007444684303021009       10.166624224592343      0.09859757856166747      0.17595421991393473
       2.7539966386315933        483.3469519247081        14.08088019951017     0.016316944720006568     0.022241182316108176      0.01466577437902515     0.007537390958620745       10.166819046050273      0.09859723050859172      0.17595375407008224
       2.7856967020339742        488.9105495001118       14.080854052798983     0.016534286770206776     0.023007259915214476     0.015015554788863851    0.0077765311155809595       10.169941764383651      0.09860794677136583         0.17596809682372
         2.81774574691313         494.535395927715       14.080706494813349     0.016519808031393406     0.023358339734813664     0.015294459320551963    0.0075990573050893585       10.171852347241526      0.09861362933346142      0.17597570226374923
        2.850145305997361       500.22176021276687       14.080618239650713     0.016196295056355798     0.024140381070150336     0.015363500319468096     0.007697388164439516       10.171929693743644      0.09861241857283153       0.1759740818124443
       2.8828968473673164       505.96990001437155       14.080264922875973      0.01589350794101355      0.02478254107423135     0.015413665873684906     0.007591777796430603        10.17343366097824      0.09861712101203747      0.17598037540990177
        2.916001773310182        511.7800614443899       14.080125538731549     0.015630768817106563     0.025092142442326985     0.015583975287880195     0.007345763984977557       10.169880410561033      0.09860232479430302      0.17596057236179508
         2.94946141917388        517.6524788663422       14.079763594089687     0.015867829442006747     0.024692837524062074      0.01572382470078975      0.00736232447679046        10.16887870369237      0.09859696706264758      0.17595340146647886
        2.983277052221256        523.5873746943107       14.079283476268932     0.016388149757852695     0.024761368887138983      0.01578528156867163     0.007449286758727357       10.167266324514026      0.09858934840339294      0.17594320433264116
        3.017449870785803        529.5849592447614       14.079364319781973     0.016737014897281258      0.02541395090539505     0.015760118217396042      0.00752405159389102       10.162598907532027      0.09857022890922397      0.17591761313026835
       3.0519810031861594        535.6454305460313       14.079520883961417      0.01713884347814927      0.02609195018590618     0.015662005481196704     0.007966662939606586        10.16371451417037       0.0985737797269404      0.17592236594893032
       3.0868715067612174        541.7689741689828       14.080067746326858      0.01703399664748761      0.02701712362708517     0.015331182675917052      0.00833456386758093       10.161857686803096      0.09856601500350433      0.17591197270359654
       3.1221223670258444        547.9557630788261       14.080451132006194       0.0166037171361018     0.028022499812114174     0.015229510783736758      0.00825108535382987       10.162334888202396      0.09856727669872282      0.17591366152306215
        3.157734496947216        554.2059575081099       14.080299043083905      0.01598244002824333       0.0286211171122042     0.015440538052425777      0.00805028835008431       10.167074375145955      0.09858484828611276       0.1759371810939401
        3.193708736100538        560.5197048085454       14.080602858036432     0.015176829735593717      0.02857686745569132     0.015698568279233986     0.007538482963850974       10.167475872852105      0.09858531759754333      0.17593780925295072
       3.2300458500056797        566.8971393345795       14.080877664604078     0.014560379411867467      0.02995016697384973      0.01576561305938527      0.00735692115126026       10.174505427612203       0.0986123939221409      0.17597404882053383
        3.266746529524124        573.3383823375557       14.081077467634774     0.014394705261359057      0.03173208132938527     0.015882529762115016      0.00747664334673974       10.178709273622804      0.09862877185558727       0.1759959682110568
       3.3038113900146824        579.8435418175352        14.08147290746906     0.013986613872196315     0.030956175837678904      0.01615835208756122     0.006975427104127531       10.176643773461997      0.09861939576259954      0.17598341983793483
       3.3412409713334985         586.412712523298       14.081145398027106     0.013541842046157083     0.030396789859569978     0.016381559230904164     0.006050189079219117        10.18025424917409      0.09863181829634983      0.17600004531156785
       3.3790357369294624         593.045975793581       14.080671755068979     0.013612408505152735      0.03077721988344981      0.01653835089181938     0.005777682685359317        10.17662928525606      0.09861668595138279      0.17597979314148754
       3.4171960736029883        599.7433995147422       14.080597287885121     0.013520356627840305     0.031549800709045506     0.016661650843635484     0.005641326374213089        10.17430846944764      0.09860660180496643       0.1759662967285792
        3.455722291144179        606.5050380572552       14.080544483890387     0.013259370442056245      0.03270612013780685      0.01679928771984284     0.005906420124359855       10.179287030396162         0.09862536363206      0.17599140689355808
        3.494614622272524        613.3309322651264       14.080989569715857     0.013177553856214547      0.03529839454733885     0.016714030772490802     0.006320145725251508       10.174815741798186       0.0986083824340142      0.17596867991073728
       3.5338732220941447        620.2211093606368        14.08136097930107     0.012995952692835563      0.03636890686197938     0.016399450462683117     0.006609557720667104       10.174306996797302      0.09860608382606739      0.17596560346702142
        3.573498168282712        627.1755829760953        14.08104165854688      0.01262781238307833      0.03664610897134113     0.016157539336096198    0.0063890485015284755       10.175624406643296        0.098610541900689       0.1759715701122381
        3.613489460838227        634.1943531115019       14.080708293292538     0.012464566480877839     0.038240565188346884     0.015860254299789156     0.005850685952841123       10.167341717626378      0.09857827561730331      0.17592838369900607
        3.653847022147323        641.2774061451317       14.080732078956283     0.012591770001282254      0.03857515015445863      0.01591551869280296     0.005835942955725273       10.167905815104856      0.09857972618479979      0.17593032526922608
       3.6945706969229613        648.4247148229514       14.081149506081239     0.012205639971786801      0.04018641019682522     0.015862185079192317      0.00570398043667593       10.168270487220079      0.09858091286212874      0.17593191361976027
        3.735660252686876        655.6362383432913        14.08157676147903     0.011572375387484997      0.04195843307226447     0.015451362288302267     0.005228505452673262       10.158908045416942      0.09854447651534244      0.17588314191356708
       3.7771153795283534        662.9119223145093       14.081363465252283     0.011034101786125525      0.04042371232800934     0.015321801938179653      0.00453248434859409       10.159689909422887      0.09854604056778515      0.17588523556144348
        3.818935690586672        670.2516988396634       14.081166940237681     0.010880817717018241     0.040495923970054956     0.014913798238305185    0.0037817890640733888       10.160429788011498      0.09854803185896766       0.1758879011010637
        3.861120722412944        677.6554865800168       14.081254598857475     0.011114436605321795       0.0412063134121165     0.014681298060811036      0.00296878521880958       10.157464757659735      0.09853611589356974      0.17587195020546947
       3.9036699353319406        685.1231908185417       14.080878868968036     0.010893152894096064       0.0434331264953878     0.014282767536485736     0.002280699749659338       10.166695949773276      0.09857228798798827       0.1759203692409087
       3.9465827138039336        692.6547035234245       14.080564231952495     0.010500413206469866       0.0466176829945798     0.013879342613974645    0.0016499170204725838        10.16966301188458         0.09858460865903        0.175936860360123
        3.989858367027747         700.249903453906       14.080620803939524     0.010201962960189001     0.046388932106469126     0.014031828644643104    0.0008546405154488166       10.161855221807107      0.09855384363682154      0.17589568066185546
       4.0334961294835106         707.908656255539       14.080729871094263     0.009789276570508787      0.04790783745556822     0.014006281779343509    0.0007109926674647619       10.163308179391434      0.09855920263251161       0.1759028540334324
        4.077495161656325        715.6308145871968       14.081212280688856     0.009992522459487284      0.04866467716869609     0.013696558504378934   0.00016564859780217033       10.165511430831787      0.09856756782234302       0.1759140512005859
        4.121854550458401        723.4162181951623         14.0816148657441     0.010120830130545768      0.05023749536105628     0.013443075515637832   -0.0002863388915068793       10.163908669630148      0.09856124416463478      0.17590558673409096
        4.166573310495487        731.2646941353934       14.081478525322515     0.010338054989315712     0.052372105293673955       0.0128932474479278   -0.0009822370947515484       10.163001219425919      0.09855817521006956       0.1759014787678266
        4.211650384308074        739.1760568158596       14.081655236453347     0.010249989989234749      0.05205860053280341     0.012518436055332014     -0.00155571312286647       10.151139773152348      0.09851113102605333      0.17583850350963312
        4.257084643637833        747.1501082188081       14.081990678638434     0.010117634648438017     0.050804885499041615     0.012159478961184255   -0.0017880669043167398       10.136715320562702      0.09845355527621433      0.17576142003642092
        4.302874890151271        755.1866380277727       14.081856497433739      0.01011142211015728      0.05190376342888025     0.011791339955040978    -0.002643551352463904       10.131827207258413      0.09843460649178676      0.17573604859061243
        4.349019856645845        763.2854238392554       14.082098242177251      0.00998366034857733      0.05613821566686303     0.011097096507390096     -0.00457958269063014       10.123321965013526       0.0984026368432385      0.17569324011074014
        4.395518207653026        771.4462312685677       14.082981332278399     0.009584394172018985     0.055683320816456675     0.010636387625460127    -0.005071260420534879       10.116313224354949      0.09837496833603034       0.1756561882030457
         4.44236854094593        779.6688142144327       14.083907667516053     0.009417066949671536      0.05727345635432601     0.010379831747711224    -0.006059643734870268       10.119547624019585       0.0983876976011586      0.17567323475003757
        4.489569388443909        787.9529150177465        14.08484188649872     0.009704956254210874      0.06229599825703432     0.009802002699655756    -0.007430039258721358       10.110918574344185      0.09835597901599785       0.1756307574040323
        4.537119217418664        796.2982646732597       14.084980720294935      0.01004630535720697      0.06441376558143755      0.00899938826146173    -0.008773201841160011       10.092919113349573      0.09828632813357409        0.175537469325517
         4.58501643176066         804.704583051844       14.084409423791104     0.009978336826734987      0.06610926757114058     0.008323649328295395    -0.009952037167312728       10.084161288486959      0.09825247159731063      0.17549211703634593
         4.63325937306463         813.171579091005       14.085340505320428     0.009321402027140286      0.06845635373218942     0.007610368177765862    -0.010649887431350959       10.066368782440174      0.09818350946242038      0.17539972719896063
        4.681846322197522        821.6989510700693       14.087212547704663     0.008928053870405725      0.06903928976296522     0.007256265307755316    -0.011271186625680937       10.037607014564763      0.09807079394165875      0.17524868521048695
        4.730775500263388        830.2863867795293       14.087663739471013     0.008727825860414108      0.07147093888721276      0.00727841430865806     -0.01232158539885718       10.026570615838745      0.09802779233845992      0.17519105040987037
        4.780045070291944        838.9335638173983       14.088363368760568     0.009214401937585121      0.07320896152814128     0.007141349009085043    -0.013779372275986575       10.013982374004362      0.09797917541973758      0.17512588182108652
        4.829653138565293        847.6401498220603       14.091303966069455     0.009186912119185564      0.07430879787166304      0.00663033585018113    -0.014777412175959476        9.972782062906818       0.0978176500232277      0.17490930689143894
        4.879597755944647        856.4058027051195       14.093820855325735     0.008303444659830907      0.07296026197271996     0.005957334473686409    -0.014400308073750118        9.939069211151164      0.09768379426299573      0.17472976394610096
        4.929876919257362        865.2301708948354       14.094202775942797     0.007899519146666183      0.07762850512446423     0.005187367625979895     -0.01539504528988154        9.929947959104986       0.0976489573281488       0.1746830265048388
        4.980488573166408        874.1128936642289       14.096165716429757     0.007634837890436072      0.07968140744649553     0.004214580535603426    -0.015965071029601464         9.88892173779123      0.09748771320563883       0.1744666460904062
        5.031430611074958        883.0536012898435       14.100944379998266     0.006011995776499767      0.06636322928101636     0.003469376387326469     -0.01253502234701506        9.807029661281595      0.09715896952814336      0.17402521340767274
        5.082700877357692        892.0519154433573       14.104246580412061    0.0049293726034120335      0.05661777619198761    0.0027074784542605273     -0.01085215906633316        9.754735325764326      0.09694591770733861      0.17373893082788056
        5.134297168205083        901.1074493397597       14.104562183672847     0.003945808190839861     0.044722788078591126    0.0022985919196959782    -0.008711553376962977        9.753687306881433      0.09693732701939345       0.1737273840280754
        5.186217233854696         910.219808128963       14.104958291017677    0.0033401911279398416      0.03613874562476976    0.0019526003261119858    -0.007223838559643719        9.747449063655528      0.09690885752803928      0.17368911616983945
        5.238458779556087         919.388589065148       14.106567392886879    0.0027347751165719574     0.025289783360223698    0.0016669951974406239    -0.005388191023871173        9.717965608311228      0.09678763036128028      0.17352613467758765
          5.2910194676815        928.6133818772071       14.106210696924617     0.002113419371758408     0.018772863038567112    0.0014410152904192647    -0.003855593973998622        9.722772231137778      0.09680355623257801      0.17354754881418977
        5.343896919052586         937.893769001594        14.10235195241993     0.001826334301618103     0.016330638091599924    0.0011651039760069634   -0.0033511128529873147        9.788813186590447      0.09706502784676573      0.17389900119676377
        5.397088714508353        947.2293258575102        14.09844472211339    0.0015839887156823362     0.015004989975961043    0.0009702456537562215    -0.003169432883229194         9.85693265123837      0.09733386858514818       0.1742601119626163
        5.450592396834946        956.6196211855961       14.097777521369233     0.001445042342077737      0.01657813871038323    0.0008097645888947022   -0.0034834154001940083        9.869727401365044       0.0973850965932789      0.17432889386293834
        5.504405472152677        966.0642172913648       14.098246901853438    0.0014143949998045864      0.01716781163533115    0.0006492419094107922    -0.003685463464244571          9.8690006551911      0.09738438076623523      0.17432793281148587
        5.558525411423669         975.562670309805       14.095076346540152    0.0015468653601674951     0.020393579592080675    0.0004838337399730497    -0.004397282360944403        9.935228770152202      0.09764989457489769      0.17468428397527216
        5.612949652502242         985.114530565239       14.089890145194952    0.0013710926948243935     0.019845572167056985    0.0003449950631102714   -0.0041661100154411195        10.03528805357525      0.09804443265140879       0.1752133540748427
        5.667675601401338        994.7193427935896        14.08966203591767    0.0010178129214731232      0.01962006911227836    0.0002521684104595159   -0.0037774535265603856        10.04089083097926      0.09806524287908994      0.17524124550855763
       5.7227006339810735       1004.3766464387342       14.096286319280276    0.0007435334934767046     0.018486407575452175   0.00012508111715042616   -0.0034198827671375266        9.917800614423458      0.09757919082800212      0.17458941481316267
        5.778022097757911       1014.0859759700273       14.104294407965488   0.00030798847717846436     0.008311392580454028    3.091498478092286e-05   -0.0015345686269911314        9.769265695971036       0.0969848217585511      0.17379121881555154
        5.833637313351997       1023.8468611363193       14.108812513325237   5.0316441318835206e-05    0.0013608173990759657   3.3100864631855472e-06   -0.0002545632276953501        9.685818487344102      0.09664863529683416      0.17333920266647596
        5.889543576115412       1033.6588272517265        14.11001227231834   2.8978429828905153e-06     7.40096989072459e-05    2.048386985865852e-07  -1.4105844075017383e-05        9.664215352490233      0.09656172833680202      0.17322228888135258
         5.94573815776042       1043.5213954814012       14.109992158850552    1.381889457979878e-07    3.997102301522735e-06   1.5451588312956313e-08   -6.958465008303141e-07        9.665164523613814      0.09656556871869584      0.17322745580757296
       6.0022183079877305       1053.4340831273034       14.109947182035588    2.023941802564741e-08    7.362097862363326e-07   2.3331308178075732e-09  -1.1338417964620515e-07        9.666101602548137      0.09656931735758707      0.17323249925138667
