# Reference : "Volpiani, P. S., Bernardini, M., & Larsson, J. (2018). 
#              Effects of a nonadiabatic wall on supersonic shock/boundary-layer interactions. 
#              Physical Review Fluids, 3(8), 083401."
TITLE="Mean profiles for compressible boundary layer"

M_inf     =                  2.28
Tw/Tr     =                   1.9
Cf        =      0.00273706936065
Re_delta  =         13439.9802515
Re_theta  =         867.599093461
Re_delta2 =         328.009418068
Re_tau    =         99.7282585342
Re_star   =         497.194750135
dx+       =         2.41545189929
dyw+      =        0.605988572493
dz+       =         2.41545189929

VARIABLES = "Y/DELTA" , "Y+" , "U+" , "R11/TAU_W" , "R22/TAU_W" , "R33/TAU_W" , "R12/TAU_W" , "RHO/RHO_W" , "T/T_W", "M/M_W" , "Prms/P_INF" 
     0.003038198908711457       0.3029942862463504       0.3039354467753591     0.014486119450422205   2.3001396142286236e-05     0.008314962554626836   -0.0002088327330516576       1.0083176246139691       0.9917509875748255        0.993806839320691
     0.009119594129310786       0.9094812410550285       0.9206136909100381      0.13007190581820496   0.00033022803316267666     0.058850756727730505   -0.0023117242023688914       1.0266597326053615       0.9740351027553374       0.9804624291328876
     0.015207788405039394       1.5166462537914278         1.54951645804393        0.373474284394899    0.0016455162010194388      0.13811422765528233    -0.009029825066612002       1.0471837508739532       0.9549411525884308       0.9660118569740386
     0.021302947968780434        2.124505902571496       2.1895828925326355       0.7634310856045617     0.004944068451375389      0.23213092016768438    -0.023882230284196306        1.070148048661319       0.9344324668506491       0.9504098741284976
     0.027405243269693083        2.733077185993047        2.836624343821495        1.307808505738416     0.011115640751042734      0.33223099935732836     -0.05004344005750704       1.0957514490867812       0.9125602520002684       0.9336759266347737
      0.03351484884920446        3.342377510768648       3.4829658186651797        1.988297358399942     0.020673568625317724      0.43301897476802986     -0.08885195436547953       1.1240551395159528       0.8895173348900846       0.9159374407316512
      0.03963194352702174       3.9524247102762895        4.118321301762196       2.7566364851412968      0.03398484541146498       0.5319455456752133       -0.139669406984973       1.1549237911504275       0.8656480886657001       0.8974412567494722
     0.045756710401132224        4.563237044559385        4.731334500094345        3.545547309741706      0.05105807672749813       0.6279270077240735     -0.19982709445982164       1.1880034871782867       0.8414190995456765       0.8785354175148699
     0.051889337095819554           5.174833225061        5.311861696542201        4.288998352515468      0.07195555335071939       0.7208743137380348      -0.2659667599783997        1.222779795483018       0.8173345355805317       0.8596068892671853
     0.058030015637655565        5.787232402256737       5.8523594451880045        4.938047228233253      0.09646066856677357       0.8103607388743663       -0.334201803531337        1.258651300370206       0.7938584202426777       0.8410218744889584
      0.06417894301353684        6.400454221306745        6.348612438534662        5.465766577333513      0.12449274640084868       0.8958264945642208      -0.4013736625940059       1.2950277107937715       0.7713545472949028       0.8230771272156543
      0.07033632067465224        7.014518772587272        6.799185707621514        5.863555388819527      0.15565295203390087       0.9762712542191994       -0.464777225297722       1.3313345372522913        0.750092971958051       0.8060023763596407
      0.07650235515652354        7.629446653526225        7.205102530454413        6.137097807556636      0.18968797966217418       1.0510418054865867      -0.5230063905714636        1.367085208024457       0.7302366944410615       0.7899466094140655
      0.08267725789299311        8.245258950052502       7.5689589718556185        6.301251680835405      0.22605134114596612        1.119789494302763      -0.5751363025739294       1.4018722536349366       0.7118622913222082       0.7749915925535716
      0.08886124558824844         8.86197727369734        7.894468423638541        6.375474468642927      0.26439946550727117       1.1830229354068307       -0.621144851265887       1.4354270360953874       0.6949613513689163       0.7611504171851496
      0.09505454003080986         9.47962374304363         8.18564080622625        6.378940120899892       0.3041342918906138       1.2413668157251316      -0.6611341464105099       1.4675689476380056       0.6794742802080934       0.7483930860960252
      0.10125736852755901       10.098221027010835        8.446626768719986        6.329061260813604       0.3448854277302799        1.295278007075734      -0.6957119025725117       1.4982702033214115       0.6652855813963792        0.736641332794035
      0.10746996377973066       10.717792332487853        8.681255486132214        6.240633799920148      0.38606981178499095         1.34473014508195      -0.7252115118309203       1.5275727316657994       0.6522592111670072       0.7257969948391428
      0.11369256419293304       11.338361435250825        8.892967495325099        6.125096086592113       0.4273144835413474       1.3894625179894031      -0.7503080945709579        1.555582067446756       0.6402577215778723       0.7157578480365587
      0.11992541393915193       11.959952686146666        9.084547727383095        5.990086649972104       0.4680515420413806       1.4289306141548852      -0.7715143287827626       1.5823358033633697       0.6291811682945452       0.7064505809737917
      0.12616876301875468        12.58259101727665        9.258440929584678          5.8411544640937       0.5079476212160041       1.4628557730544323      -0.7895136579277416       1.6078648465670917       0.6189508335275579       0.6978179137925253
      0.13242286763251454       13.206301979097733         9.41684303314878        5.683101633307065       0.5465585387983023       1.4914502931262905       -0.804724238513338       1.6321940747055208       0.6094928473446922       0.6898051938131252
      0.13868799005760266       13.831111728055436        9.561881048721515         5.52054145573223       0.5836767845961143       1.5153455119265276      -0.8177540433018397       1.6554586065520638       0.6007090600077956       0.6823357664508405
      0.14496439889560417        14.45704705131809         9.69538102528262        5.357732397236034       0.6190283622025405       1.5351825996628485      -0.8288977789400006       1.6778079110939519       0.5924999002311133       0.6753302619731031
       0.1512523693205345       15.084135391511051        9.818866134403144        5.198105379340771       0.6526222243870464       1.5516314622861935      -0.8384055401713857       1.6994013778598211       0.5847786501562402       0.6687189515989341
       0.1575521831408435       15.712404852900255        9.933465154062254       5.0432046965572095       0.6844059988546238       1.5654037806282537       -0.846343540789803       1.7203145682569214        0.577487584828462       0.6624559252811427
      0.16386412879941523       16.341884201392222       10.040129725779122        4.893027964059764       0.7144825677926766       1.5772108756371952      -0.8529884543571686       1.7406161166021938       0.5705829185847711       0.6565065668962573
      0.17018850199360885       16.972602926369632       10.139716990361363         4.74757324948782       0.7428453307276021       1.5876723624448534      -0.8585080652573019       1.7603390511457222       0.5640302362746873       0.6508438261904637
      0.17652560530323405       17.604591203589973       10.233112052391508        4.607744511728095       0.7696490395124456       1.5973169972785966       -0.863063476419747       1.7795569701939387       0.5577916236406298       0.6454371979611891
       0.1828757487485876       18.237879950837552       10.321097435251088        4.474465711287711       0.7949603045770499       1.6064969140107037      -0.8666511004889763       1.7983158824781833       0.5518345175955751       0.6402604076310082
      0.18923924966644534        18.87250081555639       10.404327361493662        4.347958616754092       0.8189350126640302       1.6153205484304247      -0.8693541351811409       1.8166640318694143       0.5461336303736614       0.6352931762974899
      0.19561643320609456       19.508486224318677       10.483284043609594        4.228100396016796       0.8415943626196408       1.6237287405784564      -0.8711227188172155         1.83460166605199       0.5406745150156397       0.6305244391648905
       0.2020076321433218       20.145869364274088       10.558394987089926        4.115139331225994       0.8630001436399677       1.6316133556786723      -0.8719177763715331       1.8521585201257627       0.5354409390427515       0.6259414048054948
      0.20841318743844958        20.78468423880181         10.6300465977392        4.009341624801577       0.8830522299637174       1.6387938464662144      -0.8716881151817968       1.8693595355456967        0.530413948167799       0.6215287206615834
       0.2148334482363361        21.42496566751053       10.698641634283469        3.910517873461917       0.9016435364980311       1.6449933202749372      -0.8705434581187462       1.8862564851599568       0.5255726299076727       0.6172691260246358
      0.22126877186637547       22.066749286238448       10.764556053052079       3.8180470070678143       0.9185807890752183       1.6499555447663938      -0.8686080313009195       1.9028673000819836        0.520902600691748       0.6131509342011592
      0.22771952452454228       22.710071615072394       10.828118997029595        3.731220914699828       0.9337984285231407       1.6534583778544267      -0.8660892768640938       1.9192094469662087       0.5163951693421471       0.6091673642359375
      0.23418608090136728       23.354970021246483       10.889531461550746       3.6492553502921545       0.9472417344332661       1.6552489463117688      -0.8631917936452395       1.9352585459725045       0.5120489446190605       0.6053180251461078
      0.24066882486398197        24.00148278716125       10.948882316589144        3.571209957184722        0.958981716596286       1.6551042568045105      -0.8601751643584166       1.9509944829563346       0.5078643452416898       0.6016041079517187
      0.24716814951812263       24.649649116567197       11.006209585878088       3.4960049791468526       0.9691118559514901         1.65303101516971      -0.8572274572592424        1.966392425000328       0.5038388670909785       0.5980241880317689
       0.2536844571461265       25.299509128381253       11.061609944784289        3.422791685075427       0.9778730234423159       1.6492877211553452      -0.8544660930349866       1.9814763504203128      0.49996124188770963       0.5945689885992218
      0.26021815982697205        25.95110391852232       11.115223489197035        3.351207147929791       0.9855460702901554       1.6441533928848857      -0.8518065116238279       1.9962858769459022       0.4962145257955237       0.5912240675259139
       0.2667696795602873       26.604475572278403         11.1672115725925       3.2813687872556594        0.992471789074213       1.6377364270275279      -0.8490340298087544       2.0108961223078112       0.4925770119683503       0.5879705920605715
       0.2733394482663497         27.2596671643066        11.21771187609909         3.21353526163039       0.9988616900955314       1.6300867191305572       -0.845901048898173       2.0253724502501678      0.48902781653515287       0.5847903161431741
      0.27992790822011476       27.916722801918013       11.266830103280093       3.1478307499706313       1.0048094086863089        1.621412225920121      -0.8423040637625159        2.039771025220612      0.48555149267091935       0.5816697385688236
        0.286535512299232       28.575687649811965       11.314654121616213       3.0842390897070895       1.0102701141969725        1.612276180228787      -0.8382321555262768       2.0541123491101985      0.48213986841862844       0.5786018045121423
       0.2931627241700574       29.236607948626666        11.36131540051326       3.0228671017873276       1.0151882642129468       1.6035043131895768      -0.8337656358081542       2.0684179053259255         0.47878714060384        0.575581541702058
       0.2998100184736653       29.899531033489897       11.406958305417037        2.963994378701364       1.0194575945945994       1.5957930200310497      -0.8290314964251547        2.082705896392767      0.47548709100953906       0.5726035656545861
       0.3064778813218811        30.56450538348746         11.4516936026813        2.907811475286495       1.0230255745777939       1.5893537322923301      -0.8242202742885167        2.097013504193713       0.4722309911906124       0.5696601814989117
      0.31316681011126907       31.231580603112505       11.495589974614077       2.8542192471114793       1.0258514201186186       1.5839573618303597      -0.8195122381009744        2.111365087638906       0.4690120072022874       0.5667453570498779
      0.31987731432918487       31.900807502651762       11.538709072917138        2.802908778073399       1.0279305179595957       1.5791875455412554       -0.814999030077545       2.1257604726298007       0.4658297150158081       0.5638588371547105
      0.32660991536776374        32.57223807963489       11.581098902463552        2.753569540935425       1.0292279310001375        1.574563026326029      -0.8106223344170895       2.1401572201665924       0.4626918463708738       0.5610077809304208
       0.3333651471439608       33.245925580670026       11.622790273548956       2.7060972004083665        1.029722227605532        1.569558722070466      -0.8062992309544669       2.1544967154286545      0.45960987204261133        0.558202800876762
       0.3401435560995513       33.921924501443804        11.66379592155832        2.660623029276671       1.0293964331993526        1.563586593146692       -0.802010485274247       2.1687134461753925       0.4565957451060357       0.5554550186646051
       0.3469457016351587        34.60029063000623       11.704133162519543       2.6175160551254066       1.0282882632631254       1.5560197655030872      -0.7977967078332853        2.182754331613784       0.4536584989138469       0.5527729575529513
       0.3537721564822794        35.28108108387203       11.743850918189345       2.5773652604424044       1.0264468407598732       1.5465310968369181      -0.7936233090772468       2.1965927760438793      0.45080140756505627       0.5501599191997188
       0.3606235068272905        35.96435432238779       11.783044678050555       2.5407501001925037       1.0239314371831327       1.5354091246177517      -0.7893686937959982        2.210251184572315      0.44801781780459127       0.5476101191737742
      0.36750035268347453        36.65017018383327       11.821786064101136         2.50784826148955       1.0207595997554226       1.5233963331625868      -0.7849382767057516       2.2237905683334587      0.44529411493786225       0.5451113397753121
      0.37440330826304347        37.33858992252273       11.860064823988422       2.4782698229320217       1.0169527312475428       1.5112589603292128      -0.7803324494785148       2.2372556039178915       0.4426199118116177       0.5426542522304085
      0.38133300216315114        38.02967622735565       11.897821054308563       2.4511245089619313       1.0125655038042622       1.4995431017334722      -0.7755470537600714        2.250643672332659        0.439995076451135       0.5402389126078507
      0.38829007792392967       38.723493277468705       11.935045270466045       2.4252410898532726       1.0077158854702093       1.4884575577561576      -0.7705232489188322        2.263927999381514       0.4374235954883313        0.537869173411228
      0.39527519409049355        39.42010674841932        11.97183401292014        2.399630170219889       1.0025228376361017       1.4780897285918333      -0.7651911041773264        2.277115304142531       0.4349040950349752       0.5355439564770939
      0.40228902464696803       40.119583855470594         12.0083524179731       2.3737716954673673       0.9970690951443959       1.4684678202036752      -0.7595317802882547       2.2902427079062404      0.43242841043097924       0.5332558941174178
      0.40933225951252156        40.82199340305973       12.044735291096561        2.347683927109744       0.9913853975261991        1.459340962006438      -0.7535721569909667        2.303361526427687       0.4299870654804352       0.5309963597268141
       0.4164056046653741       41.527405797165144       12.081039113394585         2.32163444323725       0.9855095383633677       1.4502107313766417      -0.7473485656145208        2.316510805854331      0.42757130967965684       0.5287573496421583
       0.4235097826388294        42.23589309477498       12.117253943960757       2.2959029458138027       0.9794695759994523       1.4407129780338719      -0.7408448218102791       2.3297164888656217      0.42517646597276926        0.526534597858104
      0.43064553283129525        42.94752903480481       12.153331792303963        2.270752379631608       0.9732717355249878       1.4308436541951055      -0.7339690180050301         2.34295472358727       0.4228052345430133       0.5243306756463995
       0.4378136119403122       43.662389081382564       12.189214812510897       2.2461662318275035       0.9668876264482027       1.4208784992168773      -0.7266113585134227        2.356186799156889      0.42046477354558176        0.522152320524404
       0.4450147942105695       44.380550448582795       12.224876007314931        2.221795564481694       0.9603032912303486       1.4111052352344493      -0.7187664901170261       2.3693866974370703       0.4181575859259438       0.5200019651595394
      0.45224987199194167        45.10209215607865       12.260326259743186       2.1974695581747863       0.9535268276231471       1.4016575118147392      -0.7105884223875392       2.3825755407780917       0.4158798518030328       0.5178761496429269
      0.45951965604950895        45.82709506005964       12.295587579422246       2.1734385053922747       0.9465798627640447       1.3923690720560837      -0.7023104094916054       2.3957768315212835       0.4136246974269866       0.5157685383680468
       0.4668249759355815       46.555641890333035       12.330645473709211       2.1500499915044076       0.9394816113203516        1.382961723940168      -0.6941336017118951        2.409034025717323      0.41138463482189597       0.5136721855823883
       0.4741666803617239        47.28781728742516       12.365466715115298        2.127444167667337       0.9322277747488581       1.3733700532182709      -0.6861700483869606       2.4223632070589796      0.40915484294429133       0.5115826085391784
      0.48154563775679154        48.02370785823344       12.400044509150652       2.1054987336229525       0.9247904823354954       1.3636267948956524      -0.6784897077335889       2.4357643901718764       0.4069369787816835        0.509501383144799
      0.48896273670095913        48.76340221931125       12.434401340724648        2.083788528371272       0.9171542233892065       1.3535678479175428      -0.6711142974183808       2.4492011911662774      0.40473569171870327       0.5074329076551587
      0.49641888598772477        49.50699100305153       12.468560966831012       2.0617330473124653       0.9093548253458074       1.3428755632065876      -0.6639657882937411         2.46267604120844       0.4025524332288743       0.5053785930946343
       0.5039150156779789         50.2545669628072       12.502548149591036       2.0387675879077443       0.9014754879194719       1.3313303798658995      -0.6568989589794685       2.4761976285472564       0.4003842099225525       0.5033356671866254
       0.5114520769759962         51.0062249605241        12.53638635160755         2.01470317811407       0.8935829939631244       1.3189830537086764      -0.6498672084970767         2.48981747797431       0.3982249287384291        0.501298416095315
        0.519031042973484        51.76206204094362       12.570085811837075        1.989757656984716       0.8856856149521657       1.3061228570609549      -0.6429498137587343        2.503570440104205       0.3960675271035393       0.4992601784278218
       0.5266529091456157        52.52217748107117        12.60363959459439       1.9642418099964039       0.8777575454665878        1.293276296547665      -0.6361684664822848       2.5175002031033884      0.39390794141206564      0.49721709561004646
         0.53431869366105        53.28667282109399       12.637054020515563       1.9384180696384419       0.8697651805197983       1.2809255475377739      -0.6293754431319946         2.53160093173279       0.3917454832532872       0.4951684874664873
       0.5420294378779638        54.05565191384958       12.670362328404792       1.9126875104490508       0.8616826130524855       1.2692396090644935      -0.6223778794490612       2.5458994065109404      0.38957870258953614      0.49311294681256923
       0.5497862070260969        54.82922099284483       12.703600685334553       1.8873659609052211        0.853431481009764        1.257954892757785      -0.6150870277567005       2.5604069035245858      0.38740387772561635       0.4910468988063921
       0.5575900904547684       55.607488696990266        12.73677779184336       1.8624688991172005       0.8448616202138571        1.246543086259383      -0.6075461333149282        2.575135115015908       0.3852225849485707       0.4889717917406028
       0.5654422021909126        56.39056612625201       12.769913613668825       1.8376113073548141       0.8357987364581978       1.2344272782560166      -0.5998263739099754       2.5899969514928967       0.3830459512086358      0.48689818670470936
       0.5733436816211245        57.17856690967098        12.80303707987598       1.8125232048990019       0.8261564556069969       1.2213640189782606      -0.5919376236400039       2.6049150223169493      0.38088827816542414       0.4848397354549316
       0.5812956937396754       57.971607230097035       12.836141369886514        1.787360078513535       0.8160034538959717       1.2074652922256186      -0.5838274513845074        2.619812151836061       0.3787574701223031       0.4828040508612503
       0.5892994300165699        58.76980591075887       12.869204206545174       1.7623913529884858       0.8055422476290064       1.1926143991245695      -0.5754762274531161       2.6346994744039485       0.3766542082933747      0.48079187305700366
       0.5973561085215543       59.573284427631016       12.902261421477128       1.7375186651384196       0.7949876971297054       1.1761544202025784      -0.5669194841961651        2.649578152810741       0.3745744540673567      0.47879942084563587
       0.6054669747301691       60.382166989820185       12.935398592169085       1.7124913119600753       0.7844814340632862       1.1576425438397786      -0.5582566024759633       2.6644851570009256      0.37251583345043915        0.476824489607106
       0.6136333021437892       61.196580601400754        12.96868338902657       1.6870960226915805       0.7740453933038272       1.1374366727167406      -0.5495627617486832        2.679375542531944      0.37048091089889584       0.4748696096718914
       0.6218563925376409       62.016655086149036       13.002115505595949        1.661403517841558       0.7636422749825814       1.1164565479212567      -0.5409005020901604       2.6942550607326803       0.3684715624381759      0.47293666215937585
       0.6301375767668548        62.84252316792955        13.03565984899454       1.6356509260981469       0.7532161932951745        1.095164149632981      -0.5323769699633845        2.709146718672249       0.3664806973882584      0.47101889459775687
        0.638478215386505        63.67432053253049       13.069275339079539       1.6099103325708612       0.7426887351431801        1.073309890859089      -0.5240771412918254        2.724187170905492        0.364493669809358       0.4691022248531912
       0.6468796988996268        64.51218585239806        13.10293305861169       1.5837966517064759       0.7320046951384004       1.0503545425635397       -0.515957959148913       2.7394597302311476       0.3624959953285896      0.46717265015557496
       0.6553434488112854         65.3562608917569       13.136608768729824       1.5566890314017097       0.7211869881536971       1.0257547729143897      -0.5079324131416987       2.7550278044805716      0.36048342544757567      0.46522599769654605
       0.6638709178145873        66.20669052516071       13.170255409065003       1.5282378526338687       0.7103154354184131       0.9991900715885994     -0.49994629129505447         2.77081641372016      0.35846194863904957       0.4632679929920271
       0.6724635905347299        67.06362281169501       13.203785666027079       1.4988543689912401       0.6995156826543679       0.9708329487612839     -0.49201750233508407        2.786799016622153      0.35643963081817925       0.4613064095446997
        0.681122984335054        67.92720907536332       13.237069820373874       1.4694182999264123       0.6888651197302531       0.9412913739454569      -0.4841625083627173       2.8029265721605316       0.3544195067773501      0.45934417419864715
       0.6898506495650599        68.79760392982143        13.26998213952567       1.4406559182261303       0.6783888143517516       0.9115198839432109     -0.47621827120646526       2.8192247749016404      0.35240344436805776       0.4573830944378402
       0.6986481705524722        69.67496537731428       13.302535254109317       1.4125347066482963       0.6679634664180811       0.8824458613187561      -0.4678616328677236        2.835621659426681       0.3503966427657697      0.45542823545542044
       0.7075171657892526        70.55945482722665       13.334857794145485        1.384724831799756       0.6573320132032577       0.8548272258603818     -0.45883309942941397       2.8521160135059827       0.3484044555003081       0.4534848421108761
       0.7164592891716804        71.45123721975428       13.367017743229672       1.3570114907053419       0.6461624150506065       0.8293310866883421     -0.44902287008229647       2.8686605562381535      0.34642886900371095       0.4515548975471119
        0.725476230000353        72.35048102590386       13.398999319325819       1.3292164427521151       0.6342525631224252       0.8064720026078537     -0.43845037815884075       2.8853126685493677       0.3444683299580886       0.4496369307593905
       0.7345697141582626        73.25735836498067       13.430788491995134       1.3009662550762977       0.6215450808836298        0.785873712205527      -0.4271594568104455        2.902073375112807       0.3425184914887695       0.4477267235599122
       0.7437415043588129        74.17204502932275        13.46241089995127        1.271850726662243       0.6081124229821734       0.7663469294079537      -0.4151983372661526       2.9190048656104266      0.34057625246700196      0.44582125676707723
       0.7529934011378836         75.0947205832378       13.493949416214871       1.2410090075133469       0.5940502368926281       0.7467907356314293      -0.4025323710779818        2.936066884503641       0.3386405989038031      0.44391954600467537
       0.7623272432258551        76.02556840010458       13.525523701041053       1.2076591762760507       0.5795479215747966       0.7265182452748471     -0.38912299220409746       2.9533207297015283       0.3367094348588494      0.44201953602187655
       0.7717449084156653        76.96477574894266        13.55720330476819       1.1716723810882386       0.5648085911955915       0.7048601795730043      -0.3751463316271703       2.9707751255986308       0.3347772540177724       0.4401157971879079
       0.7812483141208456        77.91253385006442       13.588965558119853        1.133412875818384       0.5499385939743135       0.6813973892748999       -0.360922447684342       2.9885233407212337       0.3328391512335908       0.4382034620350801
       0.7908394182435787        78.86903796164495       13.620749723713542       1.0931409788106385        0.534990606131841       0.6561580263282608     -0.34663649592339835        3.006513371849338       0.3308963821986823       0.4362837266863081
       0.8005202196087262        79.83448742300676       13.652513533589236       1.0515357960217335       0.5200007730064959       0.6298243080404776     -0.33237107318985726        3.024762128272779       0.3289527423952365       0.4343603091041054
       0.8102927587078775        80.80908572882267       13.684199756059687       1.0096061563899026       0.5049769606208916       0.6030412345007554      -0.3181821580622293       3.0432591141843646        0.327004686285594      0.43242966817109113
        0.820159118505403        81.79304060950189         13.7157451494551       0.9677323710255599       0.4898464561761267       0.5762350024109226     -0.30402414174088555       3.0621261889264995      0.32504517789892046       0.4304847743750566
        0.830121425120498        82.78656409920922       13.747078658215466       0.9254069471619151       0.4744320405242892       0.5497903234842948     -0.28977121039092346        3.081343188647655      0.32307164842535474       0.4285229990641967
        0.840181848261212        83.78987257914994       13.778099255501596       0.8820187848657223      0.45864829917166255       0.5239050081572862     -0.27553980577175075        3.100975337785276      0.32108393306369865      0.42654409163822593
       0.8503426022165124        84.80318687650671       13.808656183313692       0.8380291435528214       0.4426204434053015       0.4985125656378139      -0.2615853629285306        3.120992250599859      0.31908061161146933      0.42454654595101365
        0.860605946538331        85.82673233245872       13.838639941680489       0.7941271366094286       0.4266428877332801       0.4730353343937782       -0.247970514992326        3.141451414024052      0.31706228596944724      0.42253086608823776
       0.8709741864755907        86.86073884546653        13.86791489861888       0.7506936131176563       0.4110164738186832      0.44696955912505637     -0.23456455908000753        3.162237198314209       0.3150347785051726        0.420502784074779
       0.8814496739042669        87.90544096402549       13.896314422440067       0.7082768376030393      0.39590459653432236      0.42047240441860145     -0.22115846277597107        3.183323966045796       0.3130068809429288      0.41847104516343286
       0.8920348078854243        88.96107794231769       13.923705034791407       0.6670871436349293       0.3812116903854906       0.3941034249230466     -0.20771175126548008        3.204563195609124      0.31098684599650217       0.4164439094442777
        0.902732035409266        90.02789381441471       13.950034318415453       0.6268262620551063       0.3665893003535923       0.3684203780535721     -0.19443654161326815       3.2259305822773734      0.30898380041230444       0.4144305697807867
       0.9135438521391813        91.10613746848026       13.975315545706405       0.5867625182700957      0.35174963555621774      0.34419920297497825      -0.1815172796407222        3.247303173991138      0.30700262668411393      0.41243600213100406
       0.9244728029697823        92.19606270242218       13.999657901459152       0.5463033712654668       0.3365952592320633      0.32172247035301543      -0.1688462229915324       3.2686940994813702      0.30504876134620956        0.410465773392844
       0.9355214828329577        93.29792830427871         14.0231356642522       0.5061109680262734       0.3211762165104381        0.300310832288673     -0.15638189765344782        3.289894131996484      0.30313340013587564        0.408531306706421
       0.9466925372559079         94.4119981078705       14.045648189680366       0.4676694290611125       0.3056512222156267       0.2793333774869711      -0.1443109638376732       3.3108333728896158       0.3012694362433517       0.4066458140327561
       0.9579886629191829        95.53854104845259       14.066989793038314       0.4314639029015032       0.2901720476991263       0.2587252805648297     -0.13273832732282348        3.331220551793056       0.2994731993221804       0.4048260693058285
       0.9694126087727543        96.67783127401844       14.087077605582744       0.3969348282429197       0.2748265017105832      0.23915261410121044     -0.12158283634846476        3.350965454907864       0.2977585138112253        0.403086395951512
       0.9809671761600243        97.83014815766714       14.105938931276734      0.36332778997655324      0.25962375786330333      0.22096742253730237     -0.11078377632829557       3.3700086993276215      0.29611945080527563       0.4014211043951651
       0.9926552197478857        98.99577639035658        14.12360045991769      0.33052852861323767      0.24462308421167692      0.20335995068432813     -0.10042577734622281       3.3885713053501494      0.29454417708292135       0.3998184499423541
       1.0044796480227551       100.17500603037205       14.140080880840747       0.2991966220003077      0.22987819218690722      0.18553570362022512     -0.09061091631144592       3.4065779430966803       0.2930283516703375      0.39827425286603985
       1.0164434240966254       101.36813258371245       14.155418017679896      0.26965036240067886      0.21539114847206425       0.1680448655602513     -0.08136761319654179        3.424078162816935        0.291576262702481      0.39679311130651707
       1.0285495660170858       102.57545703500806       14.169754350429164      0.24166520372107259      0.20121303454864745       0.1515593954933034     -0.07261687918163137        3.440966512564687      0.29018506101630676      0.39537234458640697
       1.0408011476973835       103.79728594027384       14.183213212380027      0.21535720223504257      0.18752363678469766      0.13615869589726518     -0.06433927842218404       3.4574647830313343       0.2888455699294251      0.39400277744842815
       1.0532012991644388       105.03393145164378       14.195799504945324       0.1912157719192027      0.17438544589447091      0.12202148053984624     -0.05667903819854813        3.473503405468875       0.2875510571725229       0.3926776890448644
       1.0657532074269034       106.28571140394061       14.207375498032663      0.16955254833796482       0.1618204708916379      0.10941684572487806     -0.04978724916320771       3.4891421346845566      0.28630680822495974       0.3914026453556126
       1.0784601167231744       107.55294933940998       14.217836406983784      0.15030540920172486      0.14980901235831307      0.09809820747489117    -0.043732195013833464       3.5040439699197337      0.28512685112896996       0.3901922043698261
       1.0913253293274503       108.83597458810685       14.227112254816587      0.13305409451804645      0.13832890420502042       0.0877550336339455    -0.038432428652592505       3.5180469171888276      0.28403422362471004      0.38907023196209084
       1.1043522057977437       110.13512229262959        14.23529418961249      0.11739487899026967      0.12738982132813204      0.07815130182293697    -0.033612657400060156        3.530816542039991      0.28304121748633376      0.38804962023309636
       1.1175441655959248       111.45073346995557       14.242518626941182      0.10321594110234807      0.11699513290776173      0.06909748739457391    -0.028996822256802092       3.5424524807096986       0.2821502002430382      0.38713307049505774
       1.1309046875217479       112.78315505472611       14.248937352009294      0.09034217252786708      0.10718947271958357      0.06065468930075847     -0.02457581476666803       3.5528326517181235       0.2813560996893433      0.38631560465775056
       1.1444373102088847       114.13273994871491       14.254565446614471      0.07888209702403036       0.0980272240351806      0.05325333596870841     -0.02051661874721457       3.5621959794158813       0.2806510827946131       0.3855893601587805
       1.1581456322489327       115.49984703319512       14.259390012602879      0.06922186255267615      0.08958380618703365      0.04680574323561945    -0.016982647700773946       3.5705262669804783       0.2800227933685512      0.38494176892514287
       1.1720333129354632       116.88484124314206       14.263417542294093      0.06134541222824735      0.08178200948527609      0.04097709538918524    -0.013955894984182537        3.578055099398937       0.2794646656246334       0.3843661901016671
       1.1861040723260254       118.28809357341682       14.266784298304298      0.05491407324483438      0.07458901384154022     0.035674925915807544    -0.011280422310813906        3.584702269135399      0.27897006400043944        0.383855883468716
        1.200361691800184       119.70998113441817       14.269597791110904      0.04972699853480542       0.0679399795027877     0.030877488990968812    -0.008913594753324582       3.5907050564516796      0.27853171025699797      0.38340342165454155
       1.2148100139355094       121.15088713971555       14.271940540205753      0.04550419428605892     0.061859229926655594      0.02659121308939031    -0.006862021983940759        3.596010929042514       0.2781418060013621      0.38300081902351657
       1.2294529433136319       122.61120098643522       14.273862611103846     0.041811198774699965       0.0561919993478119     0.022955042033746504    -0.005274153386984226       3.6008478854560724      0.27779322040460186        0.382640761242768
       1.2442944460862126       124.09131821197545       14.275395138468848      0.03829185088859775     0.050761937074777774     0.020001746556758373   -0.0042174816145210715        3.605129941246214       0.2774821537969539       0.3823193618447119
       1.2593385507189927       125.59164056820913       14.276603358006414      0.03484453291217976      0.04558893272539551     0.017506895680730165   -0.0035850649102771685        3.608991854135141       0.2772072830766694      0.38203528569406026
       1.2745893476197674       127.11257598438242       14.277505636683152      0.03134688968356803     0.040730197379316185     0.015412685851232443   -0.0032241688386430386        3.612301129579722      0.27696973381662476      0.38178972416963636
       1.2900509895104133        128.6545386042162       14.278213816544136      0.02787616573300533      0.03624181652480851     0.013603471543824557   -0.0029957462239765874       3.6152367953337743      0.27676362119561176      0.38157661694151684
        1.305727691426885       130.21794878590597       14.278741296258202     0.024810613906959954      0.03221909442129512     0.011948998194822098   -0.0027599655625083373        3.617794927133981      0.27658214281691623      0.38138894709102994
        1.321623730471202        131.8032330773876        14.27918414927173      0.02228572230566553       0.0286581244539424     0.010451058048238577   -0.0025084078247303633       3.6200612737401254       0.2764246522462852      0.38122605848609836
       1.3377434460594624       133.41082424107168       14.279508722104943     0.020227308391342593      0.02555713603108004     0.009071969098526575   -0.0021640875717065153       3.6219233815124503       0.2762947279883224       0.3810916635715493
       1.3540912394878162        135.0411612105585       14.279816743387325     0.018490846320523325     0.022864175177305827     0.007868773003429818   -0.0017656375858513286        3.623508156806596       0.2761871830335988      0.38098040607373257
       1.3706715739944677       136.69468909682166       14.280036001232737     0.016909688738014496      0.02052568054089023     0.006860961506135847    -0.001371757382939489       3.6247828719773554      0.27610130781049835       0.3808915585878788
       1.3874889742016416       138.37185913255607       14.280262365461438      0.01554063613016248      0.01846614401674576     0.006014335360718871   -0.0010610457130361634       3.6258339623575107       0.2760334123369282       0.3808213082657476
       1.4045480263015921       140.07312869072862       14.280382438125743     0.014378733941648267     0.016662190489695364      0.00530118780942573   -0.0008331123444756728       3.6266267121628086      0.27598368209802027       0.3807698504702816
       1.4218533771885484       141.79896119800833       14.280503342522694      0.01332589796494028     0.015027487387211949     0.004685423004952594   -0.0006569229025141638        3.627271792876888      0.27594592242424404      0.38073077753179757
       1.4394097342727008       143.54982611621568       14.280543054532663     0.012374096611301462     0.013571599170487935    0.0041640619005436745    -0.000498664557837988        3.627798407037493      0.27591611722673975      0.38069993477879227
        1.457221864922166        145.3261988866708        14.28059919293537     0.011550428370060338     0.012259635708547881    0.0037132991820843825  -0.00037779976126263854       3.6283087024820806       0.2758890695455865      0.38067194481375694
       1.4752945959669526       147.12856088072462        14.28058364743417      0.01082011021324392      0.01111434144266446    0.0033317757754929523   -0.0003085189917642008       3.6287263725045773        0.275867020702094       0.3806491273277321
       1.4936328130169183        148.9573993317402       14.280566556434177     0.010150715547377781      0.01009772535990878     0.003026445029859446  -0.00028089470152661025       3.6291194992725915      0.27584949633812306       0.3806309917234679
       1.5122414596557163        150.8132072547061       14.280506203765881     0.009519243906861001     0.009204411887352692     0.002766289836610428  -0.00027345365218858927         3.62938049577186       0.2758385320496252      0.38061964486006467
       1.5311255367587495        152.6964833782175       14.280451832522441     0.008959251748552308      0.00839518052094483    0.0025389461325653166   -0.0002766926479009779       3.6296436595902595      0.27583220900020633      0.38061310113038027
       1.5502901016251165       154.60773205790628       14.280400547845483     0.008455186305204325     0.007682841232029193      0.00234338091232377  -0.00028603472488385455        3.629811988793681       0.2758267548161613       0.3806074565601482
       1.5697402668615354       156.54746316513712       14.280332755422577     0.008000426573481555     0.007042978425322339    0.0021758566856051203   -0.0002968836629010222       3.6300617276491844       0.2758227979647663      0.38060336157166436
       1.5894811996382974        158.5161920128046       14.280291327685875     0.007581473781295466     0.006471045976096905    0.0020294479147590595  -0.00031275379319000573       3.6301838791787038       0.2758187136316571       0.3805991346355662
       1.6095181202631723        160.5144392131117       14.280206838160709     0.007204491851499691     0.005958432951711034     0.001894484033555748  -0.00032462376886776135        3.630426799504928      0.27581647342782883      0.38059681620919983
       1.6298563011893439       162.54273057863261        14.28018035809145     0.006866197914835469     0.005502670481279885    0.0017765665628940294  -0.00033335621594016016        3.630505916533689      0.27581267968854895       0.3805928899909178
       1.6505010656513204       164.60159698627461       14.280088516065424    0.0065584946395160545    0.0050979256921436025      0.00167578424240178   -0.0003385191893747242        3.630716065033166      0.27581367637561116      0.38059392148402704
       1.6714577860528297       166.69157421650561        14.28007611268291     0.006282825840069846     0.004733025891557914    0.0015902323065146251  -0.00034203628043142845        3.630712686680992       0.2758131418817518       0.3805933683248276
       1.6927318830367566       168.81320286060068       14.279983487325383     0.006026639341709603     0.004412175079982059     0.001515966256882095   -0.0003435696150536484        3.630898948710082      0.27581638632578037      0.38059672606566186
       1.7143288233150036       170.96702810421772       14.279981287047782     0.005799507557168223     0.004119222853019361    0.0014529786446022548   -0.0003433305349525863       3.6308650848156554       0.2758158060986426      0.38059612557757083
       1.7362541182423945        173.1535995851755       14.279899269324135     0.005585067664782793    0.0038634755549445754    0.0013984582025948163   -0.0003423763077320556       3.6310502531806406       0.2758188885970752       0.3805993157101584
       1.7585133221425675        175.3734712264978       14.279902831862085     0.005396515765528231     0.003626209127261405    0.0013527632624147764  -0.00034087905781608204       3.6309994156113774      0.27581797663924656       0.3805983719096701
       1.7811120302618388        177.6272010323558       14.279844519870103     0.005217087548637463    0.0034200075375624113    0.0013136102992309228   -0.0003393462931364163        3.631167509293874      0.27582042509637156       0.3806009058573468
       1.8040558769710875       179.91535090874515        14.27984949183451     0.005059479967578655    0.0032266204316355497     0.001281323764796334   -0.0003378592384135276       3.6311062244222665       0.2758193714365829       0.3805998154085664
        1.827350533347594       182.23848642232713       14.279825936928644     0.004910168173894395    0.0030580227229500805     0.001254059052122901  -0.00033555643453652225       3.6312396535549976       0.2758206767334875       0.3806011662803284
       1.8510017053769257       184.59717662110555       14.279825117169462     0.004777190933584368    0.0028993992591268385    0.0012323163854301557  -0.00033368492066051354       3.6311805457382325      0.27581981193170957      0.38060027128389945
       1.8750151316587844        186.9919938056351       14.279839794752652      0.00465260323650876    0.0027589194369776614    0.0012143574021229373  -0.00033063522484101475         3.63126940642645      0.27581971909684067      0.38060017520764905
       1.8993965804928163       189.42351323839424       14.279827142622793     0.004538964434838214     0.002628237083027134    0.0012012053601409736   -0.0003287186830126013        3.631228316897851       0.2758194466831044       0.3805998932823876
       1.9241518481424995       191.89231297064555        14.27987925691819     0.004434373480618102     0.002508805912265389     0.001190744321261842   -0.0003253171774078745        3.631268834161888       0.2758178893791505      0.38059828160268894
        1.949286755672934       194.39897352707436       14.279856710550888     0.004336714963521129    0.0024009986958834274    0.0011847635533001831   -0.0003228342363358973        3.631250684531241      0.27581825147417216       0.3805986563410372
       1.9748071464086787        196.9440776522629       14.279944450157673     0.004248017426938148     0.002298849259756073    0.0011806684763650114   -0.0003181167144145151        3.631241986574211      0.27581521588522373       0.3805955147541637
       2.0007188831435663        199.5282100324303       14.279923995558173    0.0041641137657088476    0.0022112620732194525    0.0011806553924005676   -0.0003139333644195276       3.6312352614288947        0.275815729292146       0.3805960460890443
       2.0270278452885173       202.15195701098892       14.280040472187007     0.004088324173213613    0.0021257475873103678    0.0011820953364858747  -0.00030750565172988514        3.631184943455958      0.27581141806239545      0.38059158430524653
       2.0537399257093343       204.81590627318292       14.280034270970507     0.004016782351142502    0.0020559236834057555    0.0011867315323613088   -0.0003013969768500255        3.631165810030532       0.2758112911333238       0.3805914529433736
          2.0808610276885       207.52064654309402       14.280158607717727     0.003952413173885015    0.0019852371925926852    0.0011928286265396235   -0.0002931752370535139       3.6310950085640283      0.27580637408557424      0.38058636416371433
       2.1083970615769614       210.26676724972944       14.280172404811402     0.003892246630330895    0.0019285126168355204    0.0012008018418458318  -0.00028497636111727046       3.6310364043131678        0.275804912088344       0.3805848511006621
        2.136353941693925       213.05485821784404       14.280277624417236    0.0038384789773172625    0.0018698591984629468    0.0012107982628744493  -0.00027504050908756355       3.6309693092875914      0.27580025888389403       0.3805800353519753
        2.164737582668616        215.8855093031105       14.280320600183023     0.003788427118474429      0.00182199196605977    0.0012214043342008833  -0.00026539213867763034        3.630841132988349      0.27579678285989023      0.38057643789136814
        2.193553895968056       218.75931004583998       14.280395088466648    0.0037435968316948173    0.0017736164903415794    0.0012349638663891659   -0.0002552092592080632       3.6307932341423097       0.2757929175302263      0.38057243751120595
       2.2228087863628248       221.67684931851963        14.28048534979105     0.003702475766386556    0.0017322608212049615    0.0012487859855216917   -0.0002457577639372542        3.630582944578427      0.27578717616481857       0.3805664955227388
       2.2525081480828133       224.63871494243187       14.280539945694743    0.0036648758271402774    0.0016928514483618982    0.0012664254446147494  -0.00023613374274685986       3.6305659376130297       0.2757843402433606      0.38056356049301837
        2.282657860972971        227.6454933042739       14.280689532381041    0.0036315608165586565    0.0016565581115254322    0.0012847047383421437  -0.00022684702697390612       3.6302913720562855       0.2757769021150989       0.3805558623851902
       2.3132637868970702        230.6977689975116        14.28074687194242    0.0035996970984567326    0.0016212080320034768    0.0013065228166282555  -0.00021531184192636403        3.630297940867764       0.2757747481973681      0.38055363317342467
       2.3443317653354176       233.79612438334655       14.280945622247621      0.00357192216169696    0.0015869351892015904     0.001329013578673178  -0.00020489296586320813        3.629989124304234       0.2757665315574302      0.38054512926621326
        2.375867609540602       236.94113920733594       14.281033540466787    0.0035449594583138247    0.0015546084591855564     0.001353364693273907    -0.000190148691724325         3.62998222453926      0.27576388550641356       0.3805423906914081
       2.4078771025072325       240.13339019746127         14.2812525385547    0.0035216486568936715    0.0015244295074109163     0.001378439415747293  -0.00017859057828666363       3.6296716165664122       0.2757558481060035      0.38053407220899166
       2.4403659925076444       243.37345061891205       14.281404508620803     0.003499923655291043    0.0014986865953443423    0.0014032116106026916  -0.00016212237490569563        3.629612287977042       0.2757515557944225      0.38052962976290833
       2.4733399888756233       246.66188985360418       14.281611450874284     0.003479618126720851    0.0014714453751636038    0.0014295764861077908  -0.00014677885041828538       3.6293326727656545       0.2757446031094136       0.3805224338533969
       2.5068047579141384       249.99927299206504       14.281842534515686     0.003459719058379724    0.0014519191154805538    0.0014529954383635775  -0.00013217440334183875       3.6292000860076166      0.27573810376806374      0.38051570710576255
       2.5407659181210285        253.3861603572997       14.282004769640137     0.003436459027659181    0.0014270846746951577    0.0014790527654612454  -0.00011395431187886206       3.6289677151190864       0.2757326365724696       0.3805100485870676
       2.5752290359727272        256.8231070843091       14.282287363627646    0.0034114048983085923    0.0014131331017916205    0.0015009397072370898  -0.00010620838266814984       3.6287705029275945       0.2757242747849284       0.3805013941266697
        2.610199621273957         260.310662656323       14.282404001143279    0.0033765719922273984    0.0013921529662888161    0.0015257638097753636   -9.233319942739375e-05       3.6285723901842686       0.2757198060651183       0.3804967689692626
         2.64568312287945        263.8493704781349       14.282686302623759    0.0033405348690337946     0.001386781136823551    0.0015480489754812338   -9.123498223697398e-05       3.6283510611602057         0.27571084977399       0.3804874990865808
       2.6816849237956295         267.439767387601       14.282791206200182    0.0032963342273120565    0.0013783614328932315    0.0015709657348969266   -8.388738358908341e-05        3.628161574788452      0.27570656322010806       0.3804830624185898
       2.7182103368403205         271.082383222791       14.283000973986837    0.0032560336368186635    0.0013864802449715318    0.0015937761174891734   -7.930435009198336e-05       3.6279755714187973      0.27569881686420683      0.38047504474338606
       2.7552645998064382       274.77774033967086       14.283122490386708    0.0032178330400830677    0.0013989605745386299    0.0016152107925328622   -7.408084444474377e-05       3.6277441576462763      0.27569321084441023       0.3804692423353127
       2.7928528709976925        278.5263531668865       14.283220334279093      0.00318375805387727    0.0014119343612553565    0.0016359907748469155   -6.289719714887666e-05       3.6276425407951804       0.2756880650717155      0.38046391627160536
       2.8309802245782856       282.32872774199734        14.28338802658265    0.0031571427567559846     0.001439745661838134    0.0016563348825421986   -5.404736671374699e-05        3.627344052621018      0.27568050021929147      0.38045608632641714
       2.8696516459226062        286.1853612477094       14.283405146071006    0.0031256935442398695     0.001457583877857078    0.0016744845311315773   -3.725800261669009e-05       3.6273554671748776      0.27567869802431966       0.3804542209697665
        2.908872026778914        290.0967415295577       14.283591767592217     0.003097228599678464     0.001485702842500446    0.0016935416490268774  -2.2579132628765723e-05       3.6270017750108234      0.27566958174675205       0.3804447851465371
       2.9486461611770705        294.0633466877917       14.283597947907543    0.0030582882674567513     0.001516224008074409     0.001711111495044674   -8.713650448252098e-06        3.627066338928152      0.27566923378482316      0.38044442498622855
       2.9889787402201984       298.08564455795647       14.283738051708651    0.0030215078696728833    0.0015355816911953495    0.0017291886463667377  -1.6072225058547272e-06       3.6267022431580265       0.2756599633297612        0.380434829498215
       3.0298743480544195       302.16409230896164       14.283782299841079    0.0029830435139769694    0.0015712679419098749     0.001748358900229597   1.4461169207267892e-06        3.626712474104816        0.275657829048826      0.38043262037548004
        3.071337457094539       306.29913596694706        14.28381017963544     0.002958056262637821    0.0015897710815528526    0.0017689465769934098    6.730277700028642e-06       3.6264284350649194       0.2756511444335456      0.38042570132635123
       3.1133724237457674        310.4912099886179       14.283891127296336    0.0029370148588684915    0.0016163509480387253     0.001789961226272986   1.7951134202041747e-05        3.626307595465805       0.2756449718872364       0.3804193122675384
       3.1559834838774243        314.7407368098448       14.283838186388374    0.0029324180452628035    0.0016468174414722137    0.0018108022794494152   3.1845769447586956e-05        3.626198435862723       0.2756435510910611       0.3804178416294697
       3.1991747485446576       319.04812641899844       14.283976098199659    0.0029241766495707866    0.0016605826345076995    0.0018337384306968514    5.736667640520328e-05        3.626005324156146       0.2756353013034975      0.38040930239979887
         3.24295019995818       323.41377595501825       14.283934083439568     0.002917771438749492     0.001696631439764948    0.0018549065664336048    7.978480251778982e-05       3.6259880078096685      0.27563651640596826      0.38041056013790336
       3.2873136869579715       327.83806925601283       14.284072953004094     0.002901677167612489    0.0016991394183615105    0.0018839877930982869   0.00010839580838292448          3.6258260438639      0.27562943964208103        0.380403235044364
        3.332268921231034        332.3213764820631       14.284067391337539    0.0028613824223223915      0.00172741859720695    0.0019159186206615729   0.00013973587678006887       3.6256612875366137      0.27562603238191896        0.380399708203782
        3.377819473467139       336.86405373184164       14.284093879075431    0.0028219765413710447    0.0017328146808010766    0.0019594667511490917   0.00015504312674512435       3.6256426966612922       0.2756233409042325       0.3803969222589074
        3.423968769204553        341.4664426283145        14.28419936066459     0.002763125998879247    0.0017419444631250201    0.0020063699246632557   0.00018907818101852747       3.6252680091854352      0.27561360047783207       0.3803868399000079
       3.4707200852958087        346.1288699662781       14.284177217896017    0.0027369576309205002     0.001760292488757428    0.0020532872594049567   0.00022105485236843662        3.625416221331328       0.2756158012203055      0.38038911790616725
       3.5180765464974826        350.8516473722642       14.284491847958485    0.0027182070921918855    0.0017553240956074225     0.002085271260335403   0.00027142355725540487         3.62500718373248       0.2756052540997478      0.38037820045588194
       3.5660411216259407       355.63507092115896       14.284568719980387    0.0027186743308917787    0.0017771626096786746      0.00211225812846369    0.0003257653582859512       3.6252244572830903       0.2756093977341599      0.38038248959373994
       3.6146166207051533        360.4794208517593       14.284879647199144    0.0027194225647939625     0.001779684649674056    0.0021358803227701268   0.00037478664774633877       3.6249625339006264       0.2756035760445753      0.38037646347132775
       3.6638056914324633        365.3849612143103        14.28501859402982     0.002691439158475231     0.001783956143110283     0.002155003106394956    0.0004129385490177898        3.624960891297962      0.27560092948519993       0.3803737239655899
       3.7136108166364195       370.35193961697945       14.285071420471962    0.0026721440836667163    0.0018068861850127143    0.0021834380710355965    0.0004454491572598397       3.6248470999892386      0.27559962040992864        0.380372368913561
       3.7640343109905627       375.38058689812806       14.285341062359832     0.002640677086104229     0.001814272126944464    0.0022052569947905386   0.00048380753800151573       3.6246634875209187        0.275591559670389      0.38036402503286443
       3.8150783186572683        380.4711168913358       14.285259713605011     0.002595533865141198    0.0018513291536124427     0.002233148465169389    0.0005030664440935567       3.6247104116158293       0.2755949244163125      0.38036750797611296
       3.8667448108695925       385.62372618424257       14.285459573052819     0.002543111684276545    0.0018716496820857386    0.0022521455327655236    0.0005130242556048305       3.6246452842900987      0.27559059644245226       0.3803630279665477
        3.919035583451106       390.83859387120566       14.285296263340413      0.00247137223378084    0.0018871504358861388     0.002273486424582002    0.0005007570933947557       3.6246766027801405      0.27559333729885305       0.3803658651074659
       3.9719522549557755        396.1158813677935       14.285050517443455     0.002425259180281433    0.0019557158610780906     0.002298688584813771    0.0005142973686422037       3.6248608194718495       0.2755967886298144      0.38036943767142395
         4.02549626468383        401.4557322129115       14.284872470109894    0.0023905668603576334     0.001997525868127404    0.0023307181635686763    0.0005304263719477351       3.6247448420425763       0.2755951022972412      0.38036769210537513
        4.079668870883647       406.85827188947917       14.284375483986759     0.002366572527968649     0.002015502708479981     0.002364858990062588    0.0005372212499799903       3.6253331185865405      0.27561054320394324        0.380383675283774
        4.134471149635674       412.32360771312557       14.284234431978984     0.002339917429331614     0.002050582291333989     0.002401720952493884      0.00053864251598246        3.625330373590443      0.27561254511652666       0.3803857474854553
        4.189903993240333        417.8518286714177        14.28375849266835    0.0023150434951237295     0.002043853567142982    0.0024242548232262344    0.0005401529586077451        3.626048747056882      0.27563173344927905       0.3804056093483537
        4.245968109225943         423.443005324923       14.283429478457514     0.002317963802257788    0.0020767614726643372     0.002438191381542419    0.0005580965547652502       3.6263311423222997      0.27564261928800043       0.3804168771374903
        4.302664019728689       429.09718974537356       14.283107684890107    0.0023295315040845325    0.0021225126099899193    0.0024506339357258235    0.0006007973952455508        3.626763519319605      0.27565315676772767      0.38042778423882784
         4.35999206062456       434.81441542909715       14.282670794483755    0.0023636022317052034    0.0021535608294892456    0.0024496521618901632    0.0006523587393905196       3.6272853012095596      0.27567123942962035       0.3804465009406537
        4.417952381281334        440.5946972722821       14.282703875519221    0.0023836579250486904    0.0021798368677450946    0.0024678435621945153    0.0006834966311576974       3.6276376921880584       0.2756794874627328       0.3804550380760693
        4.476544944434575       446.43803155861076       14.282432300679979    0.0023657141283159886    0.0021914574936145095    0.0024940869445520186    0.0007089563513807364       3.6281049857524454      0.27569567867252953      0.38047179661922487
        4.535769526001608       452.34439594070864       14.282387393970986    0.0023416666528342745    0.0021894165838407353     0.002520140764197528    0.0006801413252394764        3.628514435827232      0.27570573381791497      0.38048220396893584
       4.5956257155155615        458.3137494834293       14.282320922026392        0.002314259921746    0.0021999860392665762     0.002525513069307115    0.0006918623438952201       3.6284655947458497       0.2757063084326565      0.38048279870799867
        4.656112916621394       464.34603271332287        14.28189497263218    0.0022989678042238605     0.002248505837833151     0.002544464447490866    0.0006923947777626696        3.628781786025927      0.27571347030550175      0.38049021137999633
        4.717230347757936       470.44116768665515       14.281965969882547     0.002275210620221701    0.0022566144016769878     0.002571231841191523    0.0006580480859035379        3.628442072580176      0.27570532379063456       0.3804817795813737
        4.778977042963947       476.59905806979367       14.281747103452659    0.0022461702038322623    0.0022947128568569495    0.0025925707910036556     0.000664600563865466        3.628804825177944      0.27571367162509647       0.3804904197488368
        4.841351853242203       482.81958927524624       14.281577656411397    0.0022426821229068056    0.0023792293755503483    0.0025892688472549967    0.0006460825473323581        3.628631534721564      0.27571082602833796       0.3804874745094091
       4.9043534475515616        489.1026285605978       14.281549662160433      0.00224869778116747      0.00246365312886056    0.0025840303437876986    0.0006890464773712133       3.6286764475058297      0.27570948090180014      0.38048608227868286
        4.967980314853096       495.44802523256755       14.281363462568825    0.0022502800349874248    0.0025729096777534132    0.0025689077162939877    0.0007150219174492842       3.6289312561794573       0.2757195663654891       0.3804965208778786
        5.032230765288172       501.85561076449665       14.281559541441093    0.0022308697979879404     0.002628226773341321    0.0025654047193252347    0.0007124863452799932        3.629096472392919       0.2757220177205203       0.3804990580509831
        5.097102932720617       508.32519904987447        14.28152800316984     0.002194115495145264     0.002594624623418039    0.0025958088636137684    0.0006901201061258878       3.6292619367553285       0.2757291205140649       0.3805064094702851
        5.162594776472826        514.8565865754773         14.2813654301033    0.0021578225336250476     0.002642308538083741     0.002604112450998818     0.000674712958281459       3.6296006251997897       0.2757369069836522        0.380514468442587
        5.228704083743931         521.449552662528       14.281422797169068    0.0021302605959631145    0.0026822081872589264    0.0025933415089638505    0.0006908810592781423       3.6293234586643264       0.2757307499839263       0.3805080959713349
        5.295428472399976        528.1038597449556       14.281168511353487     0.002070102306244714    0.0027728712933087316    0.0025805319694461983    0.0007018073405737822          3.6296478140972      0.27573796224483327       0.3805155606303168
        5.362765393268067        534.8192535981866       14.281067812638144      0.00198832707954056    0.0028325252873299825     0.002575588727092526    0.0006804907598816237       3.6293559746412347        0.275731539375113      0.38050891299019285
       5.4307121333605854        541.5954636606905       14.281055571298287    0.0019420209684834393    0.0029257886261280066     0.002577320988231417    0.0007262273015044921        3.629454679263142       0.2757317435925047      0.38050912435483414
       5.4992658187893815        548.4322033246069        14.28095929682105    0.0019190985050249612     0.003012501992284945    0.0025717632939763497    0.0007071930048165621       3.6296552451463158      0.27574026642783017       0.3805179454395081
        5.568423417927978        555.3291702511065       14.281091198194508    0.0018753679694986528     0.003068928006217806     0.002560406379324902    0.0007016931517410519        3.629747654072235      0.27574038193278044       0.3805180649859874
        5.638181744697781        562.2860466981198       14.281065663677262    0.0018390076371011088     0.003147549441688351    0.0025630237069786182    0.0006831601935773787        3.629743279608823      0.27574264906495544      0.38052041144279475
        5.708537462412345        569.3024999037181       14.280961065883995    0.0018002194181719773    0.0032442669222701214     0.002557029278716432    0.0006498371941204887         3.63006548928671       0.2757498342855599       0.3805278480350424
        5.779487087001566        576.3781824076576       14.280917716935267    0.0017385705585176146     0.003262907804557325     0.002582727813918804    0.0006242154460792504        3.629797595007659       0.2757440799916283       0.3805218924336433
        5.851026990917952         583.512732440944       14.280684446028204    0.0017088512449723223     0.003295149518227555    0.0026131857895972227    0.0006135242699954059       3.6301309564744835       0.2757513128782371       0.3805293783495953
        5.923153407104879        590.7057743215803        14.28063224110198    0.0017205639629382155    0.0033186189407361875     0.002632614231574426    0.0006129985517487102        3.630174994740496      0.27575509667929216       0.3805332945004704
       5.9958624329028405        597.9569188441304       14.280641214354226    0.0017439548756386389    0.0034219076257348455     0.002590125943083758    0.0006377242042517892        3.630346381161022      0.27575757518468635      0.38053585969176185
        6.069150034079718        605.2657636816506       14.280486065979217    0.0017579725189240765    0.0034881214740262166    0.0025323044701770596    0.0006043001189286934       3.6304122781262316      0.27576212626422675       0.3805405699306143
         6.14301204910906         612.631893812355       14.280518954383217    0.0017420332337232415     0.003467032931539865    0.0025126001565948346     0.000542920685014809       3.6307502142520107       0.2757696701107581       0.3805483775560148
        6.217444193386357        620.0548819400973        14.28024087975275    0.0016930445653988418     0.003490434951535459    0.0025161219664494453    0.0004955930489624221        3.630592265714669      0.27576719572923464      0.38054581666091175
        6.292442063631328        627.5342889334034       14.281720022262254    0.0016104194669439985     0.003545503183838759    0.0025270943056117795   0.00047339576963099445       3.6307561903045804      0.27577146157492616      0.38055023165284696
       6.3680011421662055        635.0696642521368       14.287655224076541    0.0015504052312434072     0.003595573176170508    0.0024891404795605128    0.0004783232182675087       3.6304843646265517      0.27577366270566434      0.38055250973477334
        6.444116801442026        642.6605463988982       14.297485251410029    0.0014605704593009655     0.003575137233085518     0.002402080641812213   0.00044446508385516804        3.630267626104376      0.27577758753565035      0.38055657176492613
        6.520784308750943        650.3064633889759         14.3087605781738    0.0013331657807407924    0.0035635153866425424     0.002275059882585806    0.0003821341361209752        3.629169691911009       0.2757607691092878        0.380539165315597
        6.597998830380497        658.0069331646439       14.319508330302906    0.0011842283694445345    0.0035299101844792945    0.0020751226345315688   0.00033350358547151585       3.6278177960728786      0.27572948669071734       0.3805067884632797
        6.675755436511935        665.7614640836631       14.328297722413163     0.001054717196455103     0.003378155250060313    0.0018603390029442236   0.00030866651578844914       3.6257282647327975       0.2756746690050257      0.38045005073406796
        6.754049105808515         673.569555376865       14.334501504247278    0.0009168194556535859    0.0031268007852091636    0.0015904424642976677    0.0002705294455661642        3.623340689923528        0.275601981379191       0.3803748128025664
        6.832874729879795        681.4306975933664       14.338255248081737    0.0007466454711153424     0.002814759052798653    0.0013117967870908277   0.00022688177661802888        3.619709972309215      0.27548976914762147      0.38025865377034745
        6.912227118055943        689.3443730767049       14.340286719144398    0.0005667298978335878    0.0023909374350547267    0.0010568112715567295   0.00018224409758575008       3.6155851303232227      0.27535629066913336      0.38012046509641473
        6.992101001914041        697.3100564162372       14.341277180392625   0.00041829759515333285    0.0020054888387308584    0.0008023374623731071    0.0001680033772494059        3.610389259147692      0.27519067247958634       0.3799489792804059
        7.072491040052392        705.3272149232743       14.341714306695284    0.0002914471675541016    0.0015866505563923528    0.0005653631305285339   0.00014376479220095284        3.604880079614882        0.275012460864232      0.37976442504917063
        7.153391822616815        713.3953090824795       14.341866028674477   0.00019187233038377358    0.0011713846441010185    0.0004011380898651401    0.0001108771232738086         3.59843582226081       0.2748078131457205      0.37955245695975764
        7.234797875764941         721.513792997086       14.341893117490052   0.00012060788890331165     0.000844544880971524   0.00024987527532192367    7.299968093590386e-05       3.5921685846172062      0.27460800393242124       0.3793454623741708
       7.3167036665645355        729.6821148773973       14.341890612262471   5.2037181001503726e-05    0.0004502563175810495    9.699172161523312e-05    2.922569092480965e-05       3.5854622203883086       0.2743967487035162       0.3791265692061151
        7.399103607023753        737.8997174427183       14.341835344474212    2.461021475934547e-05   0.00025745662074478536   4.2139632423033834e-05    1.299609224481697e-05        3.579471883493344       0.2742116110976554      0.37893470330271845
